OBJECTIVE: 0.6160685504828899
Commission: 5 6 9 13 18 25 37 39 40 41 42 45 47 50 51 52 57 59 60
Elapsed Time: 1.7660017013549805 seconds