OBJECTIVE: 0.6628948653440272
Commission: 4 9 12 13 15 17 19 20 30 33 35 44 45
Elapsed Time: 0.016714096069335938 seconds