OBJECTIVE: 0.67421019006688
Commission: 1 3 4 5
Elapsed Time: 0.0009331703186035156 seconds