OBJECTIVE: 0.6404519803028371
Commission: 2 4 7 8 9 10
Elapsed Time: 0.00696110725402832 seconds