OBJECTIVE: 0.6378918636273969
Commission: 3 7 8 10 11 13 14 15 19 20
Elapsed Time: 0.0549921989440918 seconds