OBJECTIVE: 0.6486839564445286
Commission: 3 4 14 15 16 17 18 22 24 28 31 37 38 40 44 48
Elapsed Time: 0.033020973205566406 seconds