OBJECTIVE: 0.669646822584648
Commission: 1 13 15 16 17 20 23 24 26 34
Elapsed Time: 0.005696773529052734 seconds