OBJECTIVE: 0.671285743763296
Commission: 2 8 17 18 20 21 22 23 31 36
Elapsed Time: 0.19099092483520508 seconds