OBJECTIVE: 0.6566633035814258
Commission: 1 2 4 9 12 15 16 19 27 29 31 34 37 40 42 43 44
Elapsed Time: 0.03278517723083496 seconds