OBJECTIVE: 0.6820540953990037
Commission: 6 13 15 16 20 21 24 25 32 34
Elapsed Time: 0.5047621726989746 seconds