OBJECTIVE: 0.67421019006688
Commission: 1 3 4 5
Elapsed Time: 0.0037431716918945312 seconds