OBJECTIVE: 0.6404519803028369
Commission: 2 4 7 8 9 10
Elapsed Time: 0.0009982585906982422 seconds