OBJECTIVE: 0.6410551988798774
Commission: 4 5 11 17 21 23 29 34 37 39 42 44 45 50 52 53 57 59 60
Elapsed Time: 0.06258106231689453 seconds