OBJECTIVE: 0.6218522363793967
Commission: 3 6 9 11 12 13 19 20 25 34 38 44 54
Elapsed Time: 0.4819939136505127 seconds