OBJECTIVE: 0.7390410745588641
Commission: 1 5 9 13 20 23
Elapsed Time: 0.10237884521484375 seconds