OBJECTIVE: 0.7469914535485468
Commission: 4 5 6 10 11 26 28
Elapsed Time: 0.18932700157165527 seconds