OBJECTIVE: 0.656663303581426
Commission: 1 2 4 9 12 15 16 19 27 29 31 34 37 40 42 43 44
Elapsed Time: 2.5784308910369873 seconds