OBJECTIVE: 0.6966784767686225
Commission: 2 14 17 19 20 21 23 25 31 35
Elapsed Time: 0.5296261310577393 seconds