OBJECTIVE: 0.6381368476886891
Commission: 6 8 14 15 16 17 18 22 28 31 33 37 38 40 45 48
Elapsed Time: 0.8508925437927246 seconds