OBJECTIVE: 0.642417499592104
Commission: 5 9 11 18 21 27 29 34 37 39 42 44 45 50 52 53 56 57 60
Elapsed Time: 6.644364595413208 seconds