OBJECTIVE: 0.6381671807741366
Commission: 6 7 8 10 11 13 15 18 19 20
Elapsed Time: 0.11420679092407227 seconds