OBJECTIVE: 0.6906713179854276
Commission: 2 8 17 18 20 21 23 25 31 35
Elapsed Time: 0.0050051212310791016 seconds