OBJECTIVE: 0.644302933544496
Commission: 1 3 9 12 17 20
Elapsed Time: 0.05702829360961914 seconds