OBJECTIVE: 0.6659766191658715
Commission: 3 4 9 10 12 28 29
Elapsed Time: 0.07002806663513184 seconds