OBJECTIVE: 0.6477428461109221
Commission: 1 2 3 4 12 15 19 24 27 29 31 32 34 37 42 43 44
Elapsed Time: 1.178999662399292 seconds