OBJECTIVE: 0.5913401881973595
Commission: 2 6 11 13 14 15
Elapsed Time: 0.018976688385009766 seconds