OBJECTIVE: 0.6378918636273967
Commission: 3 7 8 10 11 13 14 15 19 20
Elapsed Time: 0.0016510486602783203 seconds