OBJECTIVE: 0.6640175755028982
Commission: 1 8 14 15 16 18 20 22 25 28 31 37 38 41 42 45
Elapsed Time: 2.7741880416870117 seconds