OBJECTIVE: 0.673635873716271
Commission: 2 5 11 14 18 24
Elapsed Time: 0.0012590885162353516 seconds