OBJECTIVE: 0.6812585467691288
Commission: 1 8 12 13 14 15
Elapsed Time: 0.05346107482910156 seconds