OBJECTIVE: 0.6392431537365162
Commission: 5 15 16 17 18 20 22 24 26 34
Elapsed Time: 0.0490269660949707 seconds