OBJECTIVE: 0.6657776689758816
Commission: 4 6 9 10 11 13 19 27 31 33 35 44 54
Elapsed Time: 1.8214540481567383 seconds