OBJECTIVE: 0.6726227969585925
Commission: 2 3 4 12 15 23 29
Elapsed Time: 0.0027010440826416016 seconds