D = 3;
n = [7 4 2];

N = 55;
d = [1 1 1 1 1 1 1 1 1 1 1 1 1 1 1 1 1 1 1 2 2 2 2 2 2 2 2 2 2 2 2 2 2 2 2 2 2 2 2 2 3 3 3 3 3 3 3 3 3 3 3 3 3 3 3];
m = [
    [1.0 0.2237721821390264 0.3818147872546245 0.0016727997046053211 0.27325473507419096 0.18121666542791703 0.9459926261796936 0.6124239380765862 0.7062795350393938 0.220823117836755 0.7750276032620406 0.9706722214862261 0.42860989022562546 0.1346761817382396 0.6152548528237806 0.09233731940734624 0.6631358386792311 0.37753201137558434 0.0028231263882139146 0.36785102359817334 0.09712715006918204 0.4409883578137598 0.8389256410394268 0.25481984924217826 0.7246726363382949 0.9729148566250976 0.18945740079320827 0.26253410526988874 0.4357543759542677 0.9738212222533498 0.4688690189746334 0.4396395792799396 0.5049237110370681 0.16317426637257249 0.4247939751816949 0.6075704081828001 0.16544826171535332 0.5069392253059782 0.6513643284171923 0.08126452282110175 0.27883901604768824 0.6643697061138434 0.7117268269105342 0.9377796062223491 0.998903829080565 0.3521157507877911 0.7613319043877457 0.9654044634501656 0.03775493739478708 0.42571642283252775 0.4133695283083899 0.15760560372199017 0.30175879978779296 0.5139506688564263 0.7223259260177811]
    [0.2237721821390264 1.0 0.5179764536797977 0.5143661151617845 0.2750634214665174 0.289108438487241 0.20482838032357154 0.5365964025031116 0.48001497751725486 0.44528334081886534 0.5232831018154084 0.48702725806644664 0.12753253346655646 0.3423734117290146 0.45775495637082153 0.4830138182428476 0.15161981064120822 0.4867462755038465 0.7563048581918063 0.05138763290064685 0.6862408411095576 0.048492463343663084 0.21456945953398132 0.5660368098676126 0.2256597324123264 0.7288590568913186 0.12223140177032743 0.10508261408746444 0.16320882480110777 0.608494761389613 0.6525655608686449 0.028621953918800846 0.3177343586107717 0.6355957507943083 0.18554073941961413 0.09006290272761197 0.3984819808504806 0.9673331757121848 0.6147154873412078 0.8836290417059649 0.7363852596137235 0.470542593469502 0.26110279339056697 0.4200219486970814 0.5774428670900748 0.5685510727679846 0.4520959776840613 0.902284566160278 0.4189964976436994 0.3961399178881251 0.2806528186305798 0.5089864685576753 0.8609678113555527 0.03471411146947023 0.3312686569527691]
    [0.3818147872546245 0.5179764536797977 1.0 0.8163081630305709 0.705886618535339 0.7609364491178595 0.26419998882466567 0.9810406572787796 0.7564539280166475 0.6346163629275478 0.6766248125373487 0.9351605625535099 0.20565263830256786 0.29417306686497746 0.4878647798145749 0.8784363981743416 0.7316244611615292 0.01991589350970724 0.37078762331445836 0.24772257989313307 0.6056962909481582 0.6287599494371486 0.2314257862613256 0.10736575458470887 0.8156664943128624 0.8505676869348053 0.981031686536938 0.783346099988142 0.7968196879861236 0.31753034150097703 0.1336862899019129 0.1571205364861049 0.08701179171830298 0.5638471379128186 0.034984091823868635 0.07919902112204313 0.38081154344637835 0.7625583295803149 0.049384925990718975 0.6162107886899376 0.527292167450885 0.01603126751695283 0.687075147694662 0.18840201684155355 0.5930935892971387 0.19802191407734304 0.8659460854969719 0.7118457695491318 0.8583090599269451 0.31704424012425425 0.5104873703166919 0.43055900928841606 0.030702952401278294 0.40765283654459983 0.2923266127651375]
    [0.0016727997046053211 0.5143661151617845 0.8163081630305709 1.0 0.04231441190672258 0.710871482874958 0.9578690201623566 0.22669912274641668 0.6273522787784908 0.20298141285990323 0.46642509581305347 0.350934374041058 0.9624632018918319 0.8218757458013252 0.5024743055792507 0.17148084026359411 0.634483351899436 0.03481354649741897 0.81999107027181 0.6186138791268486 0.3572724368846478 0.24399500245593164 0.2420976516210066 0.091131942547104 0.672007028808919 0.4504573282418983 0.8983669933089973 0.2431117210657786 0.7779677931748378 0.26454381771726765 0.7575079850448918 0.4359858685635122 0.9110851297543898 0.39057021580331197 0.6922813185109016 0.3037868381016383 0.4184361719509927 0.021618537728157805 0.28082700745145994 0.02721162539706834 0.7623619964497452 0.26504252639581594 0.022736920484349388 0.46643962235625724 0.8802915250319004 0.9108494598862877 0.733131998634686 0.08771421232542631 0.7330109490039148 0.39231803837355106 0.25176675527120407 0.4133927238862609 0.6963145398488936 0.7029972852411455 0.48262927957842605]
    [0.27325473507419096 0.2750634214665174 0.705886618535339 0.04231441190672258 1.0 0.9153132391167008 0.12350634382688808 0.6166418514796776 0.4954515589196048 0.1827780292890604 0.15427255627030256 0.33199847211900513 0.10859334849380875 0.5453715368339747 0.36668535955833403 0.930178709102707 0.3402611347167045 0.9889717207498674 0.21909592750752616 0.25423702130608883 0.12237114622250256 0.8735402689756043 0.3474191123438466 0.33053398933429956 0.8233898002942465 0.9342706651573452 0.5535539671854678 0.2597111643687814 0.028387842417081255 0.4377926447386291 0.6694661458347884 0.6312732097582644 0.5252910743073468 0.34041196851975786 0.2101525646071407 0.542276052939401 0.21506558274735166 0.04137801182916845 0.0788966740507211 0.43946818105489827 0.3840310784436758 0.9636560065467572 0.9865546078298137 0.8181777593872425 0.5729353324615485 0.3315199393133025 0.9554363551731206 0.7507117728731498 0.3019245705619541 0.4913921276981482 0.5820764688933926 0.33018711704460324 0.3226223724062678 0.1214567575238682 0.5346738467617366]
    [0.18121666542791703 0.289108438487241 0.7609364491178595 0.710871482874958 0.9153132391167008 1.0 0.48501199969674746 0.6886927844528673 0.4445591447587207 0.9728185893918226 0.8784131008165651 0.4518090395278105 0.9463475671686485 0.3623269274688009 0.25634106032830617 0.7182452803036927 0.5912660766855649 0.204370367713695 0.2693770932699374 0.992896255118711 0.10774769047988753 0.8066918158950932 0.02301143900202407 0.7087266783877849 0.5363574966396408 0.35190236411208553 0.6113544519983499 0.5362150238936325 0.7562700483834927 0.6660805909977988 0.7367736089252034 0.9437523478852732 0.023538784931978918 0.06907321439592229 0.3219835727430085 0.9738801540421601 0.7395283482294499 0.8916247943678757 0.15894531950668922 0.6608642794558086 0.17605317263430842 0.5475656221285018 0.5677005223236986 0.6176003299719083 0.8263164351174758 0.3131712400985164 0.2181928298466682 0.778266021653782 0.11458083039278899 0.14591566868431272 0.562221273832958 0.7880200496879711 0.5398379629987452 0.5752212492331487 0.7272652101882352]
    [0.9459926261796936 0.20482838032357154 0.26419998882466567 0.9578690201623566 0.12350634382688808 0.48501199969674746 1.0 0.07898205420442261 0.2522860098885833 0.47407641435208214 0.20994734679770966 0.16143618821052086 0.2529720782437792 0.5364259408952077 0.6281741196724343 0.528525836881003 0.07151265479389524 0.2496033447266638 0.5576763002562132 0.0723505876483943 0.4874752811820534 0.8874339190534424 0.6575054390737234 0.6388236256359918 0.6435602130647126 0.24147144406128607 0.49796053598915824 0.14573653589070856 0.4366888371557661 0.5544983899370574 0.4086578401736415 0.8706911121134145 0.045735762216355 0.40062347153578337 0.467936019114914 0.5568305600701481 0.8778747746357141 0.94131102354238 0.43728644645136105 0.3960228525342192 0.5843414526802648 0.09666348536115255 0.36905192752338245 0.7935222413518735 0.5461402018686577 0.027890306561631495 0.4987761651774816 0.3953901780830885 0.8757143603785043 0.5941345403631385 0.4863810832556913 0.34782102211902977 0.8104679976227935 0.5411285579104086 0.8406281813209439]
    [0.6124239380765862 0.5365964025031116 0.9810406572787796 0.22669912274641668 0.6166418514796776 0.6886927844528673 0.07898205420442261 1.0 0.5124533285273478 0.4187566883588135 0.3040674209683132 0.030144155585633325 0.9539527541996042 0.7483513949053324 0.8638720098537407 0.43617911159708034 0.717467218022977 0.0029596257452018104 0.2636668518842098 0.0868310086390941 0.40221122653514496 0.4064674493637087 0.5465191494183724 0.23453704573128276 0.6037213948701761 0.9734401355570987 0.9538980671140765 0.4515585291573351 0.2275193787133596 0.5468890357470859 0.06476625668299774 0.6010673942929025 0.3717431536394863 0.8330492945573293 0.6458516151180598 0.816866286148242 0.16858306885947094 0.31074594708712777 0.15304338389069816 0.9675093796025868 0.10178145264106708 0.062824725080597 0.5557432824242061 0.007400573470903171 0.5884162118939723 0.3102232983947032 0.9384093399276341 0.9420173586286512 0.5222139318423407 0.9008973851899941 0.6312458366839198 0.03879790568915664 0.2715998590719453 0.36538767239353465 0.3775248010243121]
    [0.7062795350393938 0.48001497751725486 0.7564539280166475 0.6273522787784908 0.4954515589196048 0.4445591447587207 0.2522860098885833 0.5124533285273478 1.0 0.5586461080491054 0.796613614299188 0.8090018882186791 0.2576812370578808 0.34474495882505307 0.4686386124880849 0.31619775898084357 0.9766956546406225 0.08072086116213095 0.7757502495736504 0.642731850136793 0.4596213706447334 0.04488508984313311 0.13424000135411662 0.5442939102633932 0.805251774344745 0.5453561430315661 0.06070101717942622 0.5077037916855237 0.08055157358855858 0.5528477048004784 0.6831671778571901 0.24546723910340862 0.6231895097160971 0.13943620564009063 0.349157124101138 0.174619183436432 0.5188787103464958 0.2836591556164455 0.5526498262101726 0.842853811165007 0.7180787120415539 0.8709325793207247 0.7152019933524615 0.8033539377060603 0.5645833415435872 0.9531251235421083 0.8699944357937852 0.09247637499439287 0.7966777057266685 0.798448661762328 0.9210740492079367 0.45504879165609846 0.612583447301126 0.9120231908699504 0.6883044762911589]
    [0.220823117836755 0.44528334081886534 0.6346163629275478 0.20298141285990323 0.1827780292890604 0.9728185893918226 0.47407641435208214 0.4187566883588135 0.5586461080491054 1.0 0.1821855650254175 0.5158710432375383 0.9676630228972164 0.271535305468257 0.12399344498679121 0.5294165718718352 0.0938053490441274 0.080643578257935 0.42623031680265466 0.18597476154023695 0.9022815978412808 0.6388095681079532 0.8735329373477649 0.7036086443458752 0.028674338404396815 0.3658919179191028 0.9515414892251853 0.3472645119464888 0.16973907849104664 0.07125362497709298 0.7134099406329725 0.6018117674377016 0.8978666208455698 0.5604661140098721 0.8120488166859497 0.4381501694152121 0.050321176199338846 0.569329443267653 0.9252842915877776 0.31587167406973293 0.4374155631200446 0.5516984278604197 0.23097774800507676 0.916614525514539 0.3782022457839759 0.21315726247828948 0.3572026084674311 0.47496035259444913 0.31617946549340536 0.17591440929202995 0.7788735941176006 0.543956405864679 0.6956062969883723 0.6728860841775877 0.7506590182106978]
    [0.7750276032620406 0.5232831018154084 0.6766248125373487 0.46642509581305347 0.15427255627030256 0.8784131008165651 0.20994734679770966 0.3040674209683132 0.796613614299188 0.1821855650254175 1.0 0.35802991904640524 0.9577211186676129 0.8400948296181944 0.23516678628967036 0.3841157340749961 0.28160220933029945 0.6909779133615875 0.4596053486720151 0.06628119563800394 0.3410244460638989 0.12189788574911498 0.050470127324887204 0.22747995387065412 0.6104733329323923 0.7666393718959005 0.7583204600489242 0.7524751606453863 0.6445763174795718 0.3244909405805493 0.29212358541661465 0.9325957335788032 0.22778618748067725 0.5882661685252296 0.8149578300164331 0.14251884902094758 0.5868007694873764 0.282544135890641 0.5689419336292647 0.4232696489072608 0.15537313563974198 0.13383447693320039 0.9165192883596279 0.6450411966212644 0.5331310164203472 0.46951841908608816 0.9172647050944509 0.06357277566481268 0.38583100248764557 0.3604972559807996 0.7555449545941488 0.10595577055652983 0.7011297371752904 0.6694738410854334 0.2546631792079588]
    [0.9706722214862261 0.48702725806644664 0.9351605625535099 0.350934374041058 0.33199847211900513 0.4518090395278105 0.16143618821052086 0.030144155585633325 0.8090018882186791 0.5158710432375383 0.35802991904640524 1.0 0.9677065531818915 0.1440236892041371 0.4107818782347572 0.2871827767938223 0.35155928051577534 0.14201210666245156 0.26271961214075823 0.8853200131264414 0.6147337139174471 0.5682633104884177 0.6094196680316689 0.7950839294915087 0.9228871435333202 0.08403740828327477 0.7617388642888748 0.548347111367594 0.09492675859534405 0.6250443179338243 0.06648291770636217 0.448885003082952 0.3865394583252867 0.5317831506979269 0.9081407897853379 0.03758073123030159 0.20371415349456834 0.3524351291062602 0.3238866475350446 0.36163537946116886 0.33060767925270373 0.9949602111141409 0.2757135821907907 0.8758276100943366 0.6776185363659646 0.9890910159953717 0.16249675455375534 0.095723493319821 0.7722955501746378 0.680945204164095 0.3148716921271021 0.5935441529074853 0.8148051152499813 0.005864328449323608 0.13030450442880026]
    [0.42860989022562546 0.12753253346655646 0.20565263830256786 0.9624632018918319 0.10859334849380875 0.9463475671686485 0.2529720782437792 0.9539527541996042 0.2576812370578808 0.9676630228972164 0.9577211186676129 0.9677065531818915 1.0 0.04159081751119187 0.7477683933890165 0.44295288447266157 0.8414370211389582 0.4967928152746264 0.5252731110756388 0.702195606505989 0.9559058129330716 0.8507110968302639 0.53912447031877 0.10278147826776274 0.3863160336098638 0.7531730340663747 0.45574865045102686 0.48447056782882914 0.35251746760565306 0.9429017723371153 0.6374843745913371 0.12330536304424211 0.99053054209858 0.71138128182973 0.7638628347585092 0.033587876513689774 0.10490576867842416 0.7830771787642006 0.06544212672408356 0.4676355136105983 0.27018560880758236 0.9149880090449982 0.7510523641614222 0.9363190549583814 0.5059329461172756 0.09998143797724324 0.6323005785631174 0.3753324626228922 0.7279498116699707 0.0262047617801906 0.12137175680822188 0.01974830599678923 0.7095202260488008 0.9329655592987406 0.4179010339690812]
    [0.1346761817382396 0.3423734117290146 0.29417306686497746 0.8218757458013252 0.5453715368339747 0.3623269274688009 0.5364259408952077 0.7483513949053324 0.34474495882505307 0.271535305468257 0.8400948296181944 0.1440236892041371 0.04159081751119187 1.0 0.4871045821617346 0.7796546851646814 0.26228171208609785 0.9118245256561631 0.22972941423929916 0.6242199904410926 0.647638122666724 0.019565785205709285 0.18488910036457962 0.9954685361399721 0.2883154226204915 0.31798042092784573 0.058957106734598086 0.5217608234212875 0.3185053685152093 0.9071967272487962 0.34275163460923597 0.1528548238287194 0.6388547384560624 0.881178087161858 0.8077369970268279 0.015897690459850566 0.3734721339149256 0.7944340490597548 0.41595465318444924 0.0077247633224677426 0.8578022834592619 0.7403100004218742 0.5521120337711224 0.17130741175840947 0.6296644392828027 0.9109193806750155 0.925066081221716 0.06489089286989203 0.7070575716959164 0.06939961205115985 0.34048820202055774 0.357079974879841 0.42377029487024775 0.5832835258966124 0.6516921424045153]
    [0.6152548528237806 0.45775495637082153 0.4878647798145749 0.5024743055792507 0.36668535955833403 0.25634106032830617 0.6281741196724343 0.8638720098537407 0.4686386124880849 0.12399344498679121 0.23516678628967036 0.4107818782347572 0.7477683933890165 0.4871045821617346 1.0 0.621339762658785 0.5098759180225911 0.02747709834656875 0.8389394669931773 0.8799495439832018 0.5609364354974016 0.11528326026036384 0.8649950074540342 0.48872098727127344 0.7960551218304646 0.07231896799587478 0.05265281565593727 0.08029732689193658 0.6733526531197435 0.9478031798304875 0.4188747988739411 0.10840858607826054 0.15200166842475316 0.152160937107652 0.8387979044979159 0.2844685428014062 0.2832519727910888 0.6945928225168986 0.24677929277218913 0.17011536295537666 0.32117450038323425 0.11614494495138594 0.8208850970911736 0.663842779308195 0.6379251376682379 0.6749367478769379 0.6812647057096103 0.6288526886808387 0.18404508863132163 0.663973457042994 0.5114987755691646 0.31620574096394494 0.1834558698651585 0.6949305510245682 0.5272128810662178]
    [0.09233731940734624 0.4830138182428476 0.8784363981743416 0.17148084026359411 0.930178709102707 0.7182452803036927 0.528525836881003 0.43617911159708034 0.31619775898084357 0.5294165718718352 0.3841157340749961 0.2871827767938223 0.44295288447266157 0.7796546851646814 0.621339762658785 1.0 0.6237337980340625 0.08774577198859324 0.927814162466544 0.33415863495545695 0.3504063242069013 0.5485424057883896 0.6607080330318452 0.12616912849656148 0.08026600041037968 0.5926671400934087 0.4907075188025771 0.7932053302159583 0.6185523749006744 0.9613393570035682 0.48572922709695365 0.021411377106469343 0.8316173524911727 0.590487544706648 0.27074971097802303 0.21708206270904207 0.2706671797789897 0.4667336391636032 0.1998896176215097 0.8750751278457918 0.8330767463818486 0.5502413823868849 0.8317724969788727 0.7921990198985283 0.5211890012680082 0.29082217057220416 0.6551863960084624 0.2929876179391586 0.07728217930945092 0.6339253307915953 0.020087747923630217 0.548753479342445 0.34950984374276917 0.02233612610218494 0.04622458000645391]
    [0.6631358386792311 0.15161981064120822 0.7316244611615292 0.634483351899436 0.3402611347167045 0.5912660766855649 0.07151265479389524 0.717467218022977 0.9766956546406225 0.0938053490441274 0.28160220933029945 0.35155928051577534 0.8414370211389582 0.26228171208609785 0.5098759180225911 0.6237337980340625 1.0 0.14964649450137602 0.9539471056946839 0.8613249563298963 0.642393630198724 0.8169330147349284 0.058833173928218074 0.12110983983767376 0.2085655313557666 0.4259859246947053 0.5763778448301671 0.32440588952685034 0.21856612677470455 0.4342981308560495 0.14352596686616825 0.16486356042174832 0.803022885597994 0.7445629632276464 0.16645263509621788 0.4132681690040625 0.8457706343922372 0.3266220695136445 0.4158192665741839 0.4268096694135344 0.0958145704317831 0.45029804315453836 0.6658559972673754 0.12797453129242642 0.7155328854627065 0.10985474914798066 0.5755451330153377 0.09099875279954583 0.113293501461178 0.6765586863103515 0.518440752962273 0.9585543413089783 0.9079207042470728 0.15256806905851772 0.3330338734095917]
    [0.37753201137558434 0.4867462755038465 0.01991589350970724 0.03481354649741897 0.9889717207498674 0.204370367713695 0.2496033447266638 0.0029596257452018104 0.08072086116213095 0.080643578257935 0.6909779133615875 0.14201210666245156 0.4967928152746264 0.9118245256561631 0.02747709834656875 0.08774577198859324 0.14964649450137602 1.0 0.18713288815742757 0.4435809505935546 0.2382876651718513 0.5494250164553012 0.10767352228877036 0.29662651667477813 0.2864378043506254 0.03456254501018563 0.7503854366520725 0.11860784256225987 0.4510843297324427 0.9997770097389228 0.07228387896722932 0.24049121094191273 0.06045553362150313 0.952012697077703 0.8757459976590685 0.9691153198749101 0.9424838779396673 0.7036870164048079 0.05697919651012939 0.40604415561438634 0.6268217356046298 0.6318100698227582 0.9528207561442924 0.3832901782136233 0.1681300249641111 0.9146764158110864 0.6029453368719602 0.5656292134218577 0.04703166561402272 0.9902940732317501 0.15819847493269168 0.07108864445719998 0.14802013225890498 0.6216640914666127 0.6365876421497128]
    [0.0028231263882139146 0.7563048581918063 0.37078762331445836 0.81999107027181 0.21909592750752616 0.2693770932699374 0.5576763002562132 0.2636668518842098 0.7757502495736504 0.42623031680265466 0.4596053486720151 0.26271961214075823 0.5252731110756388 0.22972941423929916 0.8389394669931773 0.927814162466544 0.9539471056946839 0.18713288815742757 1.0 0.572175652273861 0.42844366060816697 0.04878300745060604 0.4335237278432741 0.2037418937571429 0.3932422844088841 0.3509087508315851 0.09947690885580596 0.1290497171397359 0.4354092260474812 0.5556518070163149 0.7926904356886731 0.6645134932839736 0.5973566456760042 0.9610589424278605 0.5916196941539652 0.7202872685322469 0.727212553258874 0.9754381102289378 0.47676825771262576 0.9061562598874989 0.3636003151573072 0.44082631595719646 0.09893152313331732 0.9784825247793497 0.48424314888478803 0.6539497913308335 0.24506399155119551 0.8037821803940577 0.04987078589011684 0.906704660021961 0.5565776453662348 0.5872595135853939 0.642557766833336 0.7160153351937532 0.7270862063701192]
    [0.36785102359817334 0.05138763290064685 0.24772257989313307 0.6186138791268486 0.25423702130608883 0.992896255118711 0.0723505876483943 0.0868310086390941 0.642731850136793 0.18597476154023695 0.06628119563800394 0.8853200131264414 0.702195606505989 0.6242199904410926 0.8799495439832018 0.33415863495545695 0.8613249563298963 0.4435809505935546 0.572175652273861 1.0 0.43096124181262985 0.381092820500879 0.93026766248688 0.8489013181984315 0.7404127951716605 0.8551809626404658 0.43969543636430997 0.8633343334470336 0.723201093944514 0.06954239259507933 0.34747127313208026 0.12582890247681966 0.5238586426164908 0.9494246272904752 0.93017276628074 0.8921216292012664 0.9311920527977586 0.40092437587194696 0.7107366447010777 0.8819206929164265 0.606478659866773 0.042241581713238996 0.28873636468911523 0.8048353690427134 0.8475289684152402 0.5003474054437801 0.3905544938316251 0.14376196830958832 0.0793166877374375 0.8168282980644235 0.5289349418645395 0.993693702771661 0.6005859117593336 0.601419890258968 0.0701849194402101]
    [0.09712715006918204 0.6862408411095576 0.6056962909481582 0.3572724368846478 0.12237114622250256 0.10774769047988753 0.4874752811820534 0.40221122653514496 0.4596213706447334 0.9022815978412808 0.3410244460638989 0.6147337139174471 0.9559058129330716 0.647638122666724 0.5609364354974016 0.3504063242069013 0.642393630198724 0.2382876651718513 0.42844366060816697 0.43096124181262985 1.0 0.8567111619519912 0.894249622722323 0.9806025712913801 0.09397856935583737 0.6955476051275551 0.13464164590487493 0.7240625580275417 0.2142433262743243 0.15050755454515863 0.37608484485753313 0.7040832977671074 0.06783265967240337 0.9617541627503303 0.9762309133090257 0.26891001225038536 0.19536094836686202 0.8266653697797884 0.7538026898185173 0.1785469178558171 0.49530307995902767 0.3535026258013365 0.8791203969145389 0.8010278718768301 0.22048021815453478 0.3114016829158831 0.4829693697911869 0.06750503942726294 0.2454163449097273 0.08577033583932392 0.7239318905017403 0.09874245250807612 0.7344388782174812 0.27249519184312465 0.5676236973928797]
    [0.4409883578137598 0.048492463343663084 0.6287599494371486 0.24399500245593164 0.8735402689756043 0.8066918158950932 0.8874339190534424 0.4064674493637087 0.04488508984313311 0.6388095681079532 0.12189788574911498 0.5682633104884177 0.8507110968302639 0.019565785205709285 0.11528326026036384 0.5485424057883896 0.8169330147349284 0.5494250164553012 0.04878300745060604 0.381092820500879 0.8567111619519912 1.0 0.579807625762916 0.283775272097762 0.3190727659768938 0.7475072658138738 0.14827387755075683 0.03891170135024158 0.11907976468428727 0.25728220635475385 0.9319088585550523 0.5875747425542516 0.36238444315268425 0.14928451725092706 0.4460907164715575 0.8528133969503147 0.8510845853045382 0.915575940199373 0.9225635844585285 0.8921774120899084 0.057535407024800755 0.10599768571027823 0.17655699518930557 0.9986361470722851 0.39456767667372084 0.4975826464178009 0.6425642063762327 0.10073931670673086 0.14996875054153325 0.9906046805901056 0.004873300454503071 0.49759545548277584 0.49889990117089733 0.41883907207338955 0.6931836760358043]
    [0.8389256410394268 0.21456945953398132 0.2314257862613256 0.2420976516210066 0.3474191123438466 0.02301143900202407 0.6575054390737234 0.5465191494183724 0.13424000135411662 0.8735329373477649 0.050470127324887204 0.6094196680316689 0.53912447031877 0.18488910036457962 0.8649950074540342 0.6607080330318452 0.058833173928218074 0.10767352228877036 0.4335237278432741 0.93026766248688 0.894249622722323 0.579807625762916 1.0 0.12573143935300157 0.9212560376810858 0.038113455986440226 0.7558668260293999 0.9559665262862109 0.15557574821647846 0.6170141810887934 0.8057575699084255 0.46883772682955305 0.016878288870407654 0.8614011704460514 0.2980734464454722 0.16142493033854433 0.621767181954326 0.2872346392899161 0.7118337373741064 0.6167958449720548 0.36391858340366035 0.7958717194578661 0.3294695916063064 0.3882904046626965 0.5590482969298222 0.7886247410486821 0.9852831228200579 0.40162402734591385 0.4283667043685745 0.4003661393651472 0.1095353680711354 0.6678237029210774 0.7762714609887641 0.5538504099790192 0.7372597145453107]
    [0.25481984924217826 0.5660368098676126 0.10736575458470887 0.091131942547104 0.33053398933429956 0.7087266783877849 0.6388236256359918 0.23453704573128276 0.5442939102633932 0.7036086443458752 0.22747995387065412 0.7950839294915087 0.10278147826776274 0.9954685361399721 0.48872098727127344 0.12616912849656148 0.12110983983767376 0.29662651667477813 0.2037418937571429 0.8489013181984315 0.9806025712913801 0.283775272097762 0.12573143935300157 1.0 0.927253600913104 0.6669965420997782 0.6175768654489239 0.07534813724991041 0.6865089979375556 0.24598337974813156 0.16530770854696442 0.23953555998760256 0.00793301638369126 0.13577183760359113 0.07308608849233855 0.10322226350513619 0.25337166784360055 0.9535716107260858 0.40378045401331264 0.1958747775144677 0.7049060618183784 0.7893458182281988 0.08044040937600427 0.8144600279827281 0.9860684674683089 0.23954980881248766 0.5366692923915094 0.6374644471439816 0.2931135525702452 0.1909658867475892 0.44644805078599503 0.6588579944391019 0.8045660443677208 0.052208990703452196 0.5173434886135179]
    [0.7246726363382949 0.2256597324123264 0.8156664943128624 0.672007028808919 0.8233898002942465 0.5363574966396408 0.6435602130647126 0.6037213948701761 0.805251774344745 0.028674338404396815 0.6104733329323923 0.9228871435333202 0.3863160336098638 0.2883154226204915 0.7960551218304646 0.08026600041037968 0.2085655313557666 0.2864378043506254 0.3932422844088841 0.7404127951716605 0.09397856935583737 0.3190727659768938 0.9212560376810858 0.927253600913104 1.0 0.22495586932348544 0.5057673893521556 0.5901562035514077 0.16512192901130063 0.2952141708492475 0.9204362982642479 0.8156156681784822 0.4355728890320565 0.9827647560949263 0.3473739134044366 0.383176019838122 0.5922368051359536 0.4174392490156009 0.7891009041730638 0.07883986759516093 0.6258681437180601 0.6468210259875133 0.7065093138257836 0.5589021190188082 0.36237554157876695 0.22337781577888094 0.2763911530444102 0.9912222361320203 0.22647515273671492 0.3617438612799012 0.19777317078207568 0.7840223215448261 0.9554609273009468 0.7943728177189775 0.709196137274788]
    [0.9729148566250976 0.7288590568913186 0.8505676869348053 0.4504573282418983 0.9342706651573452 0.35190236411208553 0.24147144406128607 0.9734401355570987 0.5453561430315661 0.3658919179191028 0.7666393718959005 0.08403740828327477 0.7531730340663747 0.31798042092784573 0.07231896799587478 0.5926671400934087 0.4259859246947053 0.03456254501018563 0.3509087508315851 0.8551809626404658 0.6955476051275551 0.7475072658138738 0.038113455986440226 0.6669965420997782 0.22495586932348544 1.0 0.594476064190159 0.6215000379859669 0.423403087882533 0.18647798837434792 0.13537738740456784 0.5790412384573629 0.15730276150696787 0.9532019184905505 0.5654000391032398 0.5840404838158197 0.8318690714369159 0.732941515320391 0.4988292585355216 0.3076505775428051 0.937221366014795 0.07365890536248665 0.9228893169426752 0.32721262496923265 0.16813798125369472 0.688876807076653 0.13690059850716585 0.5683383692869249 0.9724921322650941 0.9133158420620061 0.35138810133732257 0.6388865329586675 0.2573409302929909 0.4054390085109808 0.8196187016938947]
    [0.18945740079320827 0.12223140177032743 0.981031686536938 0.8983669933089973 0.5535539671854678 0.6113544519983499 0.49796053598915824 0.9538980671140765 0.06070101717942622 0.9515414892251853 0.7583204600489242 0.7617388642888748 0.45574865045102686 0.058957106734598086 0.05265281565593727 0.4907075188025771 0.5763778448301671 0.7503854366520725 0.09947690885580596 0.43969543636430997 0.13464164590487493 0.14827387755075683 0.7558668260293999 0.6175768654489239 0.5057673893521556 0.594476064190159 1.0 0.31206744067338976 0.49701992207926315 0.5353548832750914 0.848316589156008 0.3425847117566415 0.5109401594508823 0.08582567992837642 0.8996261156660368 0.651207989514621 0.7517213558010587 0.07044641066692803 0.5662834753522303 0.09232517386537675 0.6801127129832018 0.25353938491756034 0.7165556003243793 0.16677972599051316 0.14268268930594052 0.05569506182881434 0.9115544860575959 0.8423194128538467 0.7659077832344348 0.6463658941181033 0.2197977008928168 0.759969741875925 0.08670702388951101 0.9393535278332651 0.24462078389478492]
    [0.26253410526988874 0.10508261408746444 0.783346099988142 0.2431117210657786 0.2597111643687814 0.5362150238936325 0.14573653589070856 0.4515585291573351 0.5077037916855237 0.3472645119464888 0.7524751606453863 0.548347111367594 0.48447056782882914 0.5217608234212875 0.08029732689193658 0.7932053302159583 0.32440588952685034 0.11860784256225987 0.1290497171397359 0.8633343334470336 0.7240625580275417 0.03891170135024158 0.9559665262862109 0.07534813724991041 0.5901562035514077 0.6215000379859669 0.31206744067338976 1.0 0.08305488590687882 0.7864095418436942 0.08012489073344886 0.6196109430946171 0.0947800798617684 0.5950353112599343 0.864519439000166 0.9451594966373787 0.7094002258911875 0.057526051562881486 0.2318444360672044 0.24842435604476498 0.7291387992553751 0.8194684793275605 0.4127450358714947 0.7728659793960515 0.6262902265515552 0.0024482291459166916 0.6019044824382911 0.9663995132965083 0.2722176950661225 0.033086157444487396 0.916887032260397 0.6588290262511163 0.44538804496649487 0.6010268295406995 0.3644218866373674]
    [0.4357543759542677 0.16320882480110777 0.7968196879861236 0.7779677931748378 0.028387842417081255 0.7562700483834927 0.4366888371557661 0.2275193787133596 0.08055157358855858 0.16973907849104664 0.6445763174795718 0.09492675859534405 0.35251746760565306 0.3185053685152093 0.6733526531197435 0.6185523749006744 0.21856612677470455 0.4510843297324427 0.4354092260474812 0.723201093944514 0.2142433262743243 0.11907976468428727 0.15557574821647846 0.6865089979375556 0.16512192901130063 0.423403087882533 0.49701992207926315 0.08305488590687882 1.0 0.640568571754059 0.5431600596601474 0.9112867037751069 0.7084108114615282 0.3163779279926321 0.0038948717407893962 0.0002713963424753052 0.3744227215500744 0.8748751524554828 0.9353474918107532 0.3439650426782971 0.4819596884666446 0.31163036908122554 0.5023005137936025 0.008536094426714658 0.2022498721837902 0.6652289973912071 0.3602236799156051 0.6324103243393245 0.9869309724512002 0.03404564554398937 0.29908891783513025 0.9766370032476631 0.4874344887843529 0.21069827694385312 0.615691712233303]
    [0.9738212222533498 0.608494761389613 0.31753034150097703 0.26454381771726765 0.4377926447386291 0.6660805909977988 0.5544983899370574 0.5468890357470859 0.5528477048004784 0.07125362497709298 0.3244909405805493 0.6250443179338243 0.9429017723371153 0.9071967272487962 0.9478031798304875 0.9613393570035682 0.4342981308560495 0.9997770097389228 0.5556518070163149 0.06954239259507933 0.15050755454515863 0.25728220635475385 0.6170141810887934 0.24598337974813156 0.2952141708492475 0.18647798837434792 0.5353548832750914 0.7864095418436942 0.640568571754059 1.0 0.22654068418961104 0.5810607104335358 0.8233331726212274 0.4556861025073 0.7884134877239664 0.1613108396599222 0.8551607552509634 0.6484213309166691 0.4480204077071438 0.9713723061547094 0.7922880554405184 0.02362475801144015 0.5548687946161474 0.2797937251883805 0.9540756097588172 0.42539118637692286 0.46000133557201517 0.7360612595996495 0.7945104835175006 0.718932078559244 0.22430006033585925 0.9049397050775975 0.5718716199975638 0.6594899562909058 0.5240525595894324]
    [0.4688690189746334 0.6525655608686449 0.1336862899019129 0.7575079850448918 0.6694661458347884 0.7367736089252034 0.4086578401736415 0.06476625668299774 0.6831671778571901 0.7134099406329725 0.29212358541661465 0.06648291770636217 0.6374843745913371 0.34275163460923597 0.4188747988739411 0.48572922709695365 0.14352596686616825 0.07228387896722932 0.7926904356886731 0.34747127313208026 0.37608484485753313 0.9319088585550523 0.8057575699084255 0.16530770854696442 0.9204362982642479 0.13537738740456784 0.848316589156008 0.08012489073344886 0.5431600596601474 0.22654068418961104 1.0 0.014957146141402089 0.9478047008530276 0.7810733164179476 0.8476257311208608 0.35965716122923175 0.3936784077579689 0.531563907481347 0.1219917346735917 0.1965628386133793 0.9488917463828658 0.6813098594452281 0.18327531462745816 0.9747020628566565 0.46891300959186244 0.3025783948210432 0.030328579133669598 0.05190824609924838 0.4752942391651638 0.745581642459302 0.6729761403793854 0.832409714426738 0.5202286957313563 0.5263990924945292 0.9314753262955611]
    [0.4396395792799396 0.028621953918800846 0.1571205364861049 0.4359858685635122 0.6312732097582644 0.9437523478852732 0.8706911121134145 0.6010673942929025 0.24546723910340862 0.6018117674377016 0.9325957335788032 0.448885003082952 0.12330536304424211 0.1528548238287194 0.10840858607826054 0.021411377106469343 0.16486356042174832 0.24049121094191273 0.6645134932839736 0.12582890247681966 0.7040832977671074 0.5875747425542516 0.46883772682955305 0.23953555998760256 0.8156156681784822 0.5790412384573629 0.3425847117566415 0.6196109430946171 0.9112867037751069 0.5810607104335358 0.014957146141402089 1.0 0.33836010398681704 0.6762181935945346 0.21689817455009064 0.16512927394023613 0.3598238745883343 0.44590951946934565 0.9945692725771912 0.6431366316213402 0.5257242645678818 0.4966915408827094 0.353581143956332 0.9047003133065963 0.8759676059813444 0.8257798107061386 0.6190307520560153 0.7170414641317607 0.1442081410256314 0.11048039458359737 0.9372653067690163 0.08073463176055296 0.2198431903700171 0.6739717377100376 0.2556111426544809]
    [0.5049237110370681 0.3177343586107717 0.08701179171830298 0.9110851297543898 0.5252910743073468 0.023538784931978918 0.045735762216355 0.3717431536394863 0.6231895097160971 0.8978666208455698 0.22778618748067725 0.3865394583252867 0.99053054209858 0.6388547384560624 0.15200166842475316 0.8316173524911727 0.803022885597994 0.06045553362150313 0.5973566456760042 0.5238586426164908 0.06783265967240337 0.36238444315268425 0.016878288870407654 0.00793301638369126 0.4355728890320565 0.15730276150696787 0.5109401594508823 0.0947800798617684 0.7084108114615282 0.8233331726212274 0.9478047008530276 0.33836010398681704 1.0 0.05907543603686771 0.9423106116481982 0.654094110507352 0.26935395476067825 0.3360828740942927 0.09518435195547048 0.11241214008003331 0.20919272299629532 0.4670400873080245 0.7861281694854498 0.5980669657848589 0.7829367953375538 0.954603480860261 0.367500236831505 0.9023147929787029 0.6440055026888486 0.22967217980057741 0.23002108340395166 0.12017323375416422 0.47234098298463323 0.9026321361585387 0.13752509090809584]
    [0.16317426637257249 0.6355957507943083 0.5638471379128186 0.39057021580331197 0.34041196851975786 0.06907321439592229 0.40062347153578337 0.8330492945573293 0.13943620564009063 0.5604661140098721 0.5882661685252296 0.5317831506979269 0.71138128182973 0.881178087161858 0.152160937107652 0.590487544706648 0.7445629632276464 0.952012697077703 0.9610589424278605 0.9494246272904752 0.9617541627503303 0.14928451725092706 0.8614011704460514 0.13577183760359113 0.9827647560949263 0.9532019184905505 0.08582567992837642 0.5950353112599343 0.3163779279926321 0.4556861025073 0.7810733164179476 0.6762181935945346 0.05907543603686771 1.0 0.23796013060996424 0.6488682795219269 0.0683987199074545 0.6853074467301169 0.5614129486268905 0.3254776274420187 0.11254857075024893 0.42520252276031967 0.8819919467604646 0.32939876616017183 0.615842070790562 0.06414062480505345 0.15135951859301777 0.8533780217074418 0.3981617446333686 0.016420001652487914 0.7643080793796875 0.45158547617162714 0.8653391495339974 0.8533917034745513 0.7031595668089432]
    [0.4247939751816949 0.18554073941961413 0.034984091823868635 0.6922813185109016 0.2101525646071407 0.3219835727430085 0.467936019114914 0.6458516151180598 0.349157124101138 0.8120488166859497 0.8149578300164331 0.9081407897853379 0.7638628347585092 0.8077369970268279 0.8387979044979159 0.27074971097802303 0.16645263509621788 0.8757459976590685 0.5916196941539652 0.93017276628074 0.9762309133090257 0.4460907164715575 0.2980734464454722 0.07308608849233855 0.3473739134044366 0.5654000391032398 0.8996261156660368 0.864519439000166 0.0038948717407893962 0.7884134877239664 0.8476257311208608 0.21689817455009064 0.9423106116481982 0.23796013060996424 1.0 0.382351137464758 0.6221745314363214 0.28368491238989146 0.7511726156297661 0.4139293783103919 0.337290990929206 0.11960297705698075 0.0338385564708753 0.8270541162799349 0.9748951968779448 0.2473603811902666 0.722521815273544 0.37978427364509737 0.11240053556127338 0.4372293446441827 0.18622729769870539 0.2877877870041199 0.13196282823117422 0.7893185341286115 0.17716088995217727]
    [0.6075704081828001 0.09006290272761197 0.07919902112204313 0.3037868381016383 0.542276052939401 0.9738801540421601 0.5568305600701481 0.816866286148242 0.174619183436432 0.4381501694152121 0.14251884902094758 0.03758073123030159 0.033587876513689774 0.015897690459850566 0.2844685428014062 0.21708206270904207 0.4132681690040625 0.9691153198749101 0.7202872685322469 0.8921216292012664 0.26891001225038536 0.8528133969503147 0.16142493033854433 0.10322226350513619 0.383176019838122 0.5840404838158197 0.651207989514621 0.9451594966373787 0.0002713963424753052 0.1613108396599222 0.35965716122923175 0.16512927394023613 0.654094110507352 0.6488682795219269 0.382351137464758 1.0 0.44880267142442454 0.7112057723700338 0.6493064328975525 0.4542577284406999 0.7987976862683979 0.049872434919723596 0.7604745412036923 0.6425250456601986 0.8722111439257835 0.20814314313010718 0.9174623794266037 0.01951691842183223 0.9755610031436566 0.8176079761547458 0.6872458779369546 0.25638415250782254 0.6415059800646784 0.03776094538271024 0.8710639462446764]
    [0.16544826171535332 0.3984819808504806 0.38081154344637835 0.4184361719509927 0.21506558274735166 0.7395283482294499 0.8778747746357141 0.16858306885947094 0.5188787103464958 0.050321176199338846 0.5868007694873764 0.20371415349456834 0.10490576867842416 0.3734721339149256 0.2832519727910888 0.2706671797789897 0.8457706343922372 0.9424838779396673 0.727212553258874 0.9311920527977586 0.19536094836686202 0.8510845853045382 0.621767181954326 0.25337166784360055 0.5922368051359536 0.8318690714369159 0.7517213558010587 0.7094002258911875 0.3744227215500744 0.8551607552509634 0.3936784077579689 0.3598238745883343 0.26935395476067825 0.0683987199074545 0.6221745314363214 0.44880267142442454 1.0 0.4713664338645541 0.7898262463288677 0.9391211892414685 0.46551788501372426 0.5192513305270428 0.18418939417671187 0.8672405749314661 0.09623903334586004 0.25734034241956016 0.0464259181332598 0.7713404082551906 0.9356269028659503 0.15651425313811163 0.5096401906586462 0.40994790898369293 0.8969307981918537 0.6816312204443368 0.3292916644644762]
