D = 5;
n = [2 2 4 8 2];

N = 100;
d = [1 1 1 1 1 1 1 1 1 1 1 1 1 1 1 1 1 1 1 2 2 2 2 2 2 2 2 2 2 2 3 3 3 3 3 3 3 3 3 3 3 3 3 3 3 4 4 4 4 4 4 4 4 4 4 4 4 4 4 4 4 4 4 4 5 5 5 5 5 5 5 5 5 5 5 5 5 5 5 5 5 5 5 5 5 5 5 5 5 5 5 5 5 5 5 5 5 5 5 5];
m = [
    [1.0 0.4427917203453109 0.7088207907018665 0.3023572695965724 0.00630164052016402 0.5758577020722954 0.8433609207728718 0.0616069038392546 0.2751346791538083 0.8776953894842902 0.1321748212001278 0.9850491018820734 0.9375892292847714 0.5825327375886961 0.2378621874702932 0.0015949818186428155 0.5873291123997698 0.02555945672562343 0.9946443390697661 0.35814347655203327 0.4975980563982081 0.8880352136638819 0.7106819571925768 0.9827990697274644 0.7904522048010402 0.22188200399944058 0.04779504495391407 0.05894219279323332 0.008752313341500617 0.06796488524709421 0.888292283442217 0.8708632662397451 0.725595044427318 0.9074652236216825 0.9275244299369064 0.9726508988528735 0.037679806175539565 0.8504425250999891 0.7335216034300894 0.6780531087565809 0.41055397095239476 0.6448204937362384 0.2453139586659595 0.8595874545174492 0.5887147567843609 0.3687526293410718 0.36356528904132523 0.04141051227661374 0.16977761592895413 0.40710957838117334 0.8147945775330585 0.9069055651245852 0.6793253001858253 0.34416210721491003 0.07518348163327204 0.21150057395063715 0.7399678661022862 0.2257028373220762 0.5827237833831554 0.21234839499539238 0.4922252842351764 0.23214669723083936 0.33109614616795346 0.5446316261108849 0.3363845600655915 0.6469456931193311 0.15143831721883638 0.22285806575783196 0.41302662122497114 0.06531424648039275 0.09320802765996972 0.48222329922544205 0.5876908072138974 0.7830393683838875 0.5514948846893631 0.6847598366008409 0.4614595905267276 0.6803854850181744 0.3009127834031341 0.8719877128482749 0.5822811192975238 0.6384559774987526 0.8451758863405368 0.45182593856052067 0.9275484699359641 0.04488006611454032 0.1347741865290878 0.8346076850765171 0.16337603006513468 0.6403432447470048 0.6977246656701734 0.0375334452269982 0.14274537144603217 0.5851166193991226 0.5197533127796102 0.45139913653417385 0.3094743476393169 0.1484085599444992 0.8443584241710135 0.6028885396698057]
    [0.4427917203453109 1.0 0.7279033200392854 0.6407707120890845 0.7779989416948038 0.5698052075665598 0.2495162439074533 0.9370636797973951 0.2000597850168856 0.24271264862782882 0.040073650448254394 0.7773346121728637 0.7957876255106237 0.747424427865495 0.24845162149778355 0.7976191943481326 0.5261591651534759 0.8096741544869493 0.6944500137444046 0.39051510819760393 0.69889185046815 0.47692195319610464 0.6498221891574971 0.7100407874414632 0.8877317605018686 0.4688580444679684 0.05993134700360103 0.23953509570356046 0.8327401380441507 0.8391890924575275 0.2603110625526863 0.5138080933439605 0.9044463460621371 0.17381295146642672 0.06761293839714166 0.8085386059873817 0.1960784116847497 0.8369379909313664 0.4383240141157372 0.13104387550338292 0.5238176475988299 0.8429832777773801 0.442858416554628 0.6356058555466821 0.5575603477820883 0.5881637869616579 0.9549248755681439 0.5397176211489385 0.30529957403079266 0.537444359448551 0.3638419849593505 0.6281681527217504 0.0891244895257246 0.6442041274750098 0.6772050389157306 0.3038649161238155 0.21383041266882696 0.8239734145932691 0.6582437581869276 0.738283584520145 0.7062786348036918 0.1367527962828704 0.3311496754572274 0.8097797602170888 0.40796061554121954 0.7062183769008704 0.8307197853194446 0.8577014838643153 0.46692418663096147 0.5348451445723232 0.5024416441065639 0.05077418501099695 0.18948104213094796 0.15889630617548756 0.43874922251454573 0.8828080510302543 0.7061258858321235 0.27719850684865743 0.20149590002989404 0.7794151809282706 0.7048558562500317 0.004142839148383981 0.9642131759383898 0.9352434698263836 0.8745499151931131 0.13056145488173188 0.6109774043190429 0.22860987434781 0.20705945295420058 0.6753215958113896 0.47916418322230536 0.9320628071418666 0.5706221727198473 0.9600376214204546 0.6692320291653858 0.7562668206266001 0.2455355602887106 0.7995044993569708 0.9685367825186167 0.590602628119282]
    [0.7088207907018665 0.7279033200392854 1.0 0.9695059510306032 0.8942221284795535 0.2687209197382683 0.984973941397085 0.851030723829971 0.21681350653940235 0.9500230826865631 0.4930041122354242 0.37726566147535534 0.5579804854702569 0.9391857428717824 0.9406213237093132 0.8832950886989795 0.14563056264260799 0.4497963724441696 0.2238203220617827 0.3141175926931543 0.84545357610273 0.893563203308313 0.5746618736467746 0.6870210971657253 0.6229833076384759 0.23664243117037087 0.2826429209900375 0.1228962170244039 0.27845035506823157 0.8676036007497412 0.6697917657914864 0.9938321784641699 0.2550586330815158 0.06900036000945753 0.6285130402331005 0.2812713232311105 0.6671460385840615 0.05716731261026464 0.25401396395192566 0.7506116022752627 0.6636700162550069 0.7276281923022457 0.16476719425427655 0.8486031627821653 0.24223746096556953 0.26832133165319094 0.9547167216267824 0.034453461671819396 0.5683585435350057 0.5973474239329559 0.611335308811119 0.799061436401185 0.08377009906281796 0.9384819796940697 0.12145011860284183 0.8145942694074756 0.13530661299293512 0.6353373744843128 0.08770668504688972 0.9096095181143664 0.5379987740240977 0.40203242676322626 0.3952603015331134 0.4575735569506153 0.5783411554084703 0.7073971322694369 0.04703319099399006 0.1951792381297328 0.29913703153716187 0.6340023061467036 0.5752080701414309 0.7985301938418504 0.1571381585618603 0.34406837082837327 0.6600620612951409 0.09728502638101344 0.6323720537752969 0.7485404549736897 0.4731257201095531 0.17830863271479214 0.15174054286655803 0.8032871766886589 0.15127578067886094 0.27633394275076095 0.6450292216264011 0.741178953586929 0.8794412572665288 0.11621147661370224 0.34530517963677143 0.8654777415305369 0.26509463803241573 0.46583743043245684 0.01382003660014941 0.49043065167863575 0.6210279971065416 0.9500949986836584 0.3488328560941518 0.08327395366885604 0.3462512327442213 0.8239196146279097]
    [0.3023572695965724 0.6407707120890845 0.9695059510306032 1.0 0.7108257010515883 0.27633361154319924 0.2360149422465445 0.32723306925268836 0.728558958598545 0.6350877535010219 0.3952005373072319 0.8185969116104485 0.03544802187540741 0.2213299439635238 0.33990616660548734 0.2724302079751334 0.8254197920265604 0.6826060159975379 0.3142709940493278 0.6994839648850549 0.27367763985406957 0.7329093657332195 0.14487132793129553 0.6423505162703576 0.5637877717738229 0.12498101366164927 0.11550306497185703 0.7061833144753085 0.1268099641897794 0.002325863806315387 0.5229548263848295 0.9514998099598256 0.5998163829220456 0.7436052133730836 0.047499813520687884 0.41867138316509656 0.2727647834356157 0.17588629947213663 0.22112284318225628 0.2841890783930918 0.05996063347726244 0.7616797074749077 0.17930355284239496 0.03735555006584035 0.35124562797417913 0.9108689111342879 0.2917847198105067 0.7885933484549371 0.46915952029324803 0.7035125149875096 0.22989930421448423 0.26657512856487475 0.3926796416500429 0.001325577665442501 0.4291700385756987 0.9404127838653357 0.3516399737447593 0.76358792522902 0.8537627020802002 0.9130298505111202 0.42622637830425314 0.4969391831621943 0.4168446326719104 0.37021513226437586 0.687441138891442 0.6983820198611289 0.3771526778749511 0.32163303981381774 0.8495223824749307 0.7505857162612575 0.6084139897214675 0.8079502323224448 0.21288756843794387 0.23328662783507692 0.19388231738131467 0.08442252491668578 0.601787280462136 0.3452289413770564 0.30702681401910403 0.3292395661031967 0.3598061997021117 0.7856807825766906 0.8423378025447421 0.9153844372654497 0.2003354780997597 0.36070554825938606 0.31331790693055583 0.4048435343733333 0.15624413994932296 0.7690389098659475 0.20988874524574463 0.3908542683264794 0.5033123972404933 0.2284360940743051 0.20308952088965415 0.8279573112150274 0.7083025722338759 0.48744381305606443 0.5610502182223973 0.5609135686114112]
    [0.00630164052016402 0.7779989416948038 0.8942221284795535 0.7108257010515883 1.0 0.877146085030907 0.5379964502949252 0.6591504323223581 0.1760651036699843 0.759525427913091 0.07153762554982357 0.25590330031923425 0.8628884054762671 0.6058507945555901 0.013857438382215759 0.03596253302059982 0.045496277087190506 0.6193968281917631 0.36491793362047376 0.5427597693406068 0.8825745479581012 0.9454874722034513 0.5026296133279696 0.824559280775741 0.7178399152439603 0.5466961865445719 0.240002189333003 0.6134059907613616 0.06518305006352554 0.4120196855649736 0.9059320073099937 0.7121143507404512 0.40172339058154205 0.8633372479648366 0.6229041304502191 0.34968664124562476 0.19387927122861215 0.24287789524912506 0.3231352667283094 0.8197214468389574 0.6265796411818657 0.4523074433450114 0.8974969896427871 0.8897209397965463 0.9644010875722819 0.9707027009306226 0.21295745126459809 0.8747179511528516 0.7816347479731087 0.060134379938803995 0.48637265544975206 0.3644348848681688 0.8667489370344197 0.6842783429849764 0.5733073609290134 0.7847028229865318 0.1306094503252151 0.5258488331635662 0.41568765589913637 0.006648116726662434 0.5103758464347189 0.8165912745668753 0.7540989930734412 0.8061708011993429 0.09377403380130367 0.605725171876045 0.08620880337756642 0.9751389394351115 0.9343430027656093 0.15530289350224868 0.4731720213766545 0.05292842548805532 0.2787518555733368 0.641987819119924 0.24929186982664153 0.9548999804568462 0.6091694381826276 0.8651927715629053 0.7203786514174068 0.6866668003526697 0.5755787662141344 0.3690781469966725 0.8607103865797031 0.6003313253347229 0.6796240290407909 0.08525094901550967 0.9321522361960849 0.29998505312269863 0.20833210294718918 0.5264881296175316 0.561002018823992 0.3971372310236383 0.10359986667675025 0.2228603421599018 0.8281903583347833 0.7059683421767797 0.9366787736139902 0.0034630469082942428 0.28396691096017757 0.6543087605468263]
    [0.5758577020722954 0.5698052075665598 0.2687209197382683 0.27633361154319924 0.877146085030907 1.0 0.13079247414873418 0.8584476900432114 0.8993893441062115 0.4652716349112158 0.3718045240451394 0.06241058327120319 0.8009756063373981 0.5408845846212157 0.07465807539117775 0.9550214020098646 0.8871192385621078 0.6899795779050119 0.866176731595857 0.7156276159041376 0.6481404405511512 0.5557452985960412 0.023723798459260315 0.766689577576024 0.17446727051925903 0.8239310142109421 0.3430757074052404 0.3806160456708839 0.5640420428345538 0.8580277122723421 0.3646258875914401 0.9448378977392905 0.7947703826770194 0.23827074207513088 0.8000124372332279 0.5215461969988533 0.41778199135502136 0.8988706026492627 0.6204954105733911 0.3529799238413954 0.2785594777235697 0.5781988053065896 0.1702293165132336 0.15212555085765356 0.3385970539236317 0.8394774465402854 0.09084507173053058 0.08078275506524157 0.48284025877572 0.2616201576663636 0.3039384637786814 0.5206021835539608 0.9579699254294191 0.7957507811552496 0.5530720937034604 0.6860813527443055 0.19908875273172033 0.9146245279596132 0.3086932938896534 0.22515741296727487 0.8618894687463061 0.5401857418147613 0.2937817781424783 0.6651100045440775 0.7488653424262027 0.9945277138619649 0.7390932799457386 0.900986319498973 0.5565008303182547 0.3248658422379298 0.945807760874554 0.7797555467102057 0.9315964663895004 0.6023654748072614 0.9066298705614028 0.03560000193263657 0.11234815716992341 0.337864174765208 0.44800768808205715 0.06404172846449396 0.9259500625075414 0.38250489278403654 0.1996760551702731 0.8121155960621552 0.05587178944662108 0.3571077453539835 0.4225638042690498 0.9071773796735725 0.10247732029520495 0.9034629622772251 0.8433840981865415 0.8315676060587756 0.07428415060122795 0.03977117740271097 0.053592110063870546 0.2881181045806316 0.10103897912606552 0.7062596446901469 0.49218951548231316 0.9232009194938711]
    [0.8433609207728718 0.2495162439074533 0.984973941397085 0.2360149422465445 0.5379964502949252 0.13079247414873418 1.0 0.2734845820633638 0.41846988824072284 0.25500927004145957 0.20580397263544403 0.7304349642699461 0.21328159832164217 0.29421712863775484 0.4520556755473524 0.84130841568904 0.38742764349579295 0.9866246390159642 0.5547386442602803 0.30804778899984286 0.2778683948762568 0.4830880165689593 0.7105386101597456 0.7369206905051842 0.2122762442634052 0.03757436965867389 0.7323608946713405 0.33511874746036685 0.9540836727522811 0.07018106735642649 0.538994176493055 0.537014863409953 0.7517845189537635 0.05173217640394423 0.4148231230683438 0.1742400095065847 0.6682555146366247 0.81364773229046 0.5762061922369452 0.5275415446043824 0.7829100250679676 0.4827174070114235 0.969610385105685 0.11732121592821942 0.2292969619795211 0.4229007138477593 0.38094314672589014 0.49165081807073263 0.8539086739984428 0.7326974936802344 0.8940037273133841 0.7155923642700746 0.36132455949726994 0.7149745831471838 0.9033063342350083 0.3341270853916867 0.1957726338465614 0.9950223760811912 0.14032036369365308 0.7773081279745608 0.3466411257297669 0.946355585611102 0.6038899329241784 0.7238294257022977 0.8418541899505158 0.8655584398844032 0.5751950930144717 0.7140215264963365 0.9059053767842506 0.041648426634827596 0.9200394957577374 0.29125340749427486 0.29569357743869373 0.19092977628866092 0.9018672651552764 0.7150670842648591 0.48701254118470194 0.5332469595627309 0.899124447696739 0.6632655160846407 0.380980701855251 0.17133567601201793 0.9777536277103711 0.8701146557219008 0.8681407020220792 0.185183481709022 0.5419841918608881 0.46317754264397204 0.6571546672977797 0.23800712060235651 0.49479570155742214 0.8296249110236431 0.3846472488320415 0.4501728612612792 0.7979969119207108 0.896551071845829 0.5624030110549599 0.9443216822773504 0.2274778624850724 0.0582555899599535]
    [0.0616069038392546 0.9370636797973951 0.851030723829971 0.32723306925268836 0.6591504323223581 0.8584476900432114 0.2734845820633638 1.0 0.47175170452092674 0.17205238569884573 0.8983601719192714 0.2389908060979543 0.35291249306309547 0.9851987009458532 0.07657363563820974 0.9016897639172409 0.9114022725664355 0.11676391219460769 0.9086221948768427 0.2375449479796341 0.9476367522332886 0.5738687925638335 0.0010634818187076345 0.660698158494186 0.28646880252136364 0.9609707344915552 0.80785507584184 0.09581715695115578 0.585958191995179 0.345605775159216 0.5208788519696869 0.48924708047905485 0.6885069577350128 0.8750213594964332 0.5340509654533817 0.8394036631402335 0.9755477335365399 0.4983991312432636 0.04860760112460183 0.13959205229540628 0.43401290740532483 0.3851277300410738 0.011227558675396376 0.18497686770135846 0.13518231390790836 0.6898372826617538 0.3617527129960032 0.9413533144910704 0.2849587270783921 0.6833259129808053 0.7259972446292852 0.9697191541218811 0.6550496484951065 0.7492832162542747 0.0013172382270294491 0.609974089158535 0.30846035692080664 0.13235010603084618 0.516050870364149 0.8219123859518048 0.9238140282291522 0.42795615109770957 0.36190122064667085 0.9268043015149778 0.6160930133091581 0.9539215398213392 0.2232958047042347 0.5510144993790913 0.17842393464383843 0.42078936752049256 0.637217746216921 0.8430710216885023 0.6010251073593125 0.6033270127708812 0.5226876409802593 0.2172080441174048 0.6412963549037637 0.13988400780166665 0.7365426049852334 0.47562934138323165 0.8274200953604977 0.06059023500058358 0.40127620785832385 0.28516883906659407 0.996311504878796 0.5559385482645209 0.6498632734919708 0.011785603837089154 0.3383819748321366 0.2406550443018468 0.14508703783266774 0.8151651155631049 0.5228895307568105 0.35166320309830534 0.6711377448622335 0.38497322803657186 0.1265825410477499 0.6167572378312425 0.08158618918144067 0.7435411873723698]
    [0.2751346791538083 0.2000597850168856 0.21681350653940235 0.728558958598545 0.1760651036699843 0.8993893441062115 0.41846988824072284 0.47175170452092674 1.0 0.7032337025271848 0.5510529619887982 0.7507302822384362 0.4581498350433233 0.09763262882802326 0.6327668924896386 0.008517755209341837 0.08148792065215948 0.5546960436973639 0.777762793923813 0.3352831575771813 0.8304553548666834 0.7708113720578617 0.5705525894656676 0.8394328654984562 0.04059755193166514 0.140422358324775 0.8702438720153344 0.6072309250689457 0.42325070674143506 0.6054552346366128 0.23085287486107242 0.3633111380698294 0.7724125493034492 0.3430763266857104 0.7923277138063936 0.5986441340651408 0.03931443979967697 0.37891561139362595 0.4865561725783656 0.2699577209322668 0.3696706722458256 0.6626290771688425 0.37547095979842704 0.05310185725595673 0.9203430153862246 0.9737337166717968 0.7087754819448103 0.5608409096771472 0.7326776162805693 0.9696833635081183 0.8271706230207724 0.37944654451674087 0.5918495584746721 0.8192928704471408 0.019932102190062695 0.03492245571195418 0.8950720018962166 0.27670799223955334 0.53233480778837 0.1647062253527254 0.2786943589444346 0.04659959765825594 0.7501025341339473 0.08437041223649155 0.5250140385766449 0.351595864933153 0.18112436638670992 0.5757923531671029 0.4798433254172323 0.5856562807396302 0.6676079475183467 0.9092008121501032 0.9026251462952077 0.9686737540958952 0.1516113561354322 0.9248178431736792 0.2516157312456737 0.8796306885308667 0.4029780982846979 0.2104317104533574 0.8696980011012105 0.4887602402653144 0.9564178587014744 0.03331687704621089 0.45718469859514754 0.28084935505154207 0.080058318507497 0.010923931515814167 0.5384856758581933 0.07818460909660008 0.8217038315264373 0.15982119355841595 0.5036173992380047 0.9054158750619503 0.2167840785419891 0.12546586743004984 0.8910996228131766 0.7439950798085289 0.682979408518768 0.020861031814797593]
    [0.8776953894842902 0.24271264862782882 0.9500230826865631 0.6350877535010219 0.759525427913091 0.4652716349112158 0.25500927004145957 0.17205238569884573 0.7032337025271848 1.0 0.5936175896144787 0.7195717069209192 0.3450035287582861 0.05652802686314562 0.005218112463583835 0.11650271978237026 0.9555267151239333 0.9225222801065129 0.10424966474860453 0.6917203788146018 0.5248464574820634 0.6592799313640793 0.5314902958746591 0.7076876194287632 0.819637168144246 0.5087666836796658 0.3194781452929517 0.2431716334649251 0.3069921875746495 0.5222773231024457 0.07317802897671377 0.5285936643038674 0.44741490611176715 0.11688726647302228 0.9198835031340665 0.8558628757608902 0.3412306338786639 0.5689803696212282 0.6228539351538739 0.5811211141546235 0.6516776390328005 0.9149634608615413 0.8457865981475077 0.2959290709660034 0.6217739368437919 0.21793624890425656 0.040324636266171665 0.8364734960836218 0.9724359559498601 0.8846268021510956 0.8702495283293651 0.8904611158681874 0.7893193055006849 0.8263041310800892 0.32777722475325277 0.47079538661824105 0.9919973214239243 0.5076886213356008 0.9679558799434651 0.21275994269190524 0.27955371520320904 0.5289936058223043 0.8884484593598734 0.489540338771434 0.8954184040499097 0.1658852623727457 0.30521337205809196 0.5130936066248688 0.7573173406996428 0.6806176448218008 0.71385685437999 0.08319834454157493 0.11890235685238004 0.7932005722057737 0.35778751537323505 0.5177417522622597 0.9505768653510289 0.21578148326566615 0.7430788817899399 0.805878566664294 0.28361782527825663 0.022571808155374518 0.8857980578774243 0.17089215880551278 0.024956371168372238 0.033562304140878574 0.8089386353098569 0.36190455277296263 0.5616349248920505 0.24481185096228197 0.5866035513732942 0.03083450026411183 0.9416521474781835 0.05635016957740102 0.5788451465823322 0.5929692917156311 0.26162379249347045 0.010562179381582104 0.17266894492630747 0.383022644729792]
    [0.1321748212001278 0.040073650448254394 0.4930041122354242 0.3952005373072319 0.07153762554982357 0.3718045240451394 0.20580397263544403 0.8983601719192714 0.5510529619887982 0.5936175896144787 1.0 0.22125756611373337 0.20484321841956254 0.8976496521020256 0.9316265068993431 0.8159702632040613 0.5012666857497222 0.07171764834776506 0.07860739342964118 0.08203401341502126 0.9041608356163953 0.014993166002613023 0.8207634265595254 0.880608674700983 0.3214558931368522 0.5888900106108164 0.1518160733920283 0.1806064384237105 0.6120657700281347 0.16295370802192777 0.3914278818387482 0.8872605805333543 0.5782764097778846 0.3473211225469701 0.38483529729928334 0.5250669271965698 0.780283060932524 0.7136262686365666 0.36368835386548304 0.1835354642085255 0.9882349910394269 0.13243969864643979 0.3010439216295079 0.9230575604028435 0.3500068684752584 0.8426537496762503 0.7852545169134517 0.7700139026396863 0.2782945042136472 0.41892017028758244 0.4100155016012692 0.7539121968716518 0.11703323068412497 0.7870898317456235 0.036300435877187565 0.4091305332822802 0.2337189887254879 0.7992661678302923 0.10402140091048584 0.31021445839853035 0.6199500150668593 0.39119539944997206 0.8353313092531796 0.8926850132118841 0.7541731733652851 0.46384210968099404 0.9990418539571557 0.8842348354605085 0.7113537814268011 0.20285503245514303 0.9902043274168505 0.1383376868948395 0.33334950458932566 0.3240970927937783 0.7057531613581384 0.7676167523220367 0.9630009609307034 0.847058590684701 0.5659920213392095 0.40920246594331167 0.9084952474273886 0.7849345981623242 0.44393060404998863 0.3522150521381091 0.432089477787181 0.38521023139319743 0.36542905933004666 0.8582902099164579 0.24529328059846445 0.21559769076719992 0.01786010141833627 0.15533703900755258 0.4142920467188551 0.6299652288234087 0.5119762793197637 0.011242359683465208 0.01657843900801248 0.8584691319064994 0.9485266520731106 0.709017896127946]
    [0.9850491018820734 0.7773346121728637 0.37726566147535534 0.8185969116104485 0.25590330031923425 0.06241058327120319 0.7304349642699461 0.2389908060979543 0.7507302822384362 0.7195717069209192 0.22125756611373337 1.0 0.8210739344566241 0.4956730445309764 0.6922242473346758 0.5783512148145836 0.7245198812995656 0.8000746437697522 0.41223999675915746 0.06756754779058216 0.9432839735225395 0.4591737937186282 0.504554675142704 0.46171171758051754 0.8712738886237825 0.8734892848187273 0.7337231855983074 0.04927366910373521 0.4450089749345123 0.47798246121290366 0.8132528079582255 0.8473711421471084 0.6232151934640797 0.6171415318110912 0.011269323125380648 0.06342238881016526 0.4954172647929399 0.865721864190788 0.4693339379032504 0.10553784129719501 0.3549422725996736 0.22655156227013662 0.05220428105971886 0.7176207710186207 0.7703725863320741 0.6780738303529631 0.5040451286236182 0.8937310966049269 0.9084559302119816 0.29717414580963797 0.922539893826741 0.5313468420455588 0.7273663869546473 0.7279031285559576 0.32957015734016704 0.028517778278477568 0.9309084414974031 0.4135303156951584 0.7321257774667034 0.7083652589506392 0.8617418939458827 0.47293973168213677 0.27118443915560864 0.06740110528125354 0.08017921555321028 0.8854887911416948 0.7866324058233384 0.5482473989827056 0.210515282366037 0.3967830108087157 0.6929347588305681 0.5713794519165679 0.24690996275731503 0.5067145900166685 0.33713680316582073 0.8539122510173939 0.18163773389461835 0.5741097534463746 0.8240509631191124 0.5052965877803293 0.4383955183354338 0.9428208392491264 0.5734668014295793 0.6890755683427532 0.7055738782513686 0.8225877520115222 0.09155119457722294 0.788930724645089 0.6839293991186285 0.11298349281940379 0.027557683697031043 0.37965208451616583 0.7384568617713623 0.4488936340282793 0.8982784050752597 0.04586370276129925 0.5763212088545187 0.6579425052399889 0.8403391406992837 0.32772656404022127]
    [0.9375892292847714 0.7957876255106237 0.5579804854702569 0.03544802187540741 0.8628884054762671 0.8009756063373981 0.21328159832164217 0.35291249306309547 0.4581498350433233 0.3450035287582861 0.20484321841956254 0.8210739344566241 1.0 0.523021784484474 0.8281303925816474 0.23481444368655136 0.8812807459889793 0.34412575065475215 0.8422353400469959 0.2623464914355741 0.8017110841692567 0.13110215017076143 0.5922294953140748 0.14012474024157073 0.43758568242159923 0.5178156722580689 0.8837853897246173 0.7900130748514206 0.2170882663672058 0.38378393123791454 0.26231596023669124 0.47218558756087947 0.5103470708312366 0.14266748887740888 0.20600402721068156 0.12987562834055888 0.311883579346494 0.8074753715538288 0.7572044090168927 0.5889085134826244 0.14602569584867842 0.9290469608550032 0.14815710376048608 0.3713201241176738 0.5334566893872282 0.3728709527587314 0.8858244924473411 0.9575108502146261 0.743459406046777 0.3057385798645461 0.3110234952395672 0.8591906053052701 0.2762774479235861 0.3657737183741536 0.9526654845602711 0.4915791220605171 0.45620587076300434 0.2528465548973259 0.6198866363574321 0.6645590020136293 0.24307763272370897 0.6718645194446948 0.9398105240114075 0.5760502532816585 0.6410667332035759 0.40227046337621797 0.3274662744195196 0.6515083487511828 0.35053698601750627 0.2574492024113698 0.7481714763815797 0.2624921692734812 0.1749472253937796 0.8757815259924643 0.8996458011973005 0.28941766460440077 0.39910400157141357 0.3948320201239943 0.7311855159325289 0.7228533907474723 0.4336220069932135 0.7525997424776184 0.01494852022818094 0.7667470365854305 0.9882761487085427 0.9956501139054887 0.351306269900281 0.8374037047139175 0.42286836771003056 0.5407799061625509 0.7253158651713831 0.13216123188417683 0.7722390624831319 0.9297235986944598 0.2921803395456374 0.39239347991522844 0.3699889075722992 0.5559697286454749 0.1460469747135228 0.9795937469217243]
    [0.5825327375886961 0.747424427865495 0.9391857428717824 0.2213299439635238 0.6058507945555901 0.5408845846212157 0.29421712863775484 0.9851987009458532 0.09763262882802326 0.05652802686314562 0.8976496521020256 0.4956730445309764 0.523021784484474 1.0 0.1510072009195509 0.6988306606353156 0.6355512276853444 0.6186638398151044 0.5467474463413851 0.1495686250648336 0.9915035717627375 0.7045977659305241 0.8361302487501093 0.4480509011838053 0.1651413302387903 0.7980482283867076 0.9757444011029937 0.15445342426499375 0.2973463324761939 0.6801161860995335 0.9455516052454069 0.392233504682134 0.14815475154041025 0.6221772982961913 0.812388753031017 0.8968080348370356 0.5724306203352132 0.2385271341301317 0.10595923742435887 0.4053843721032213 0.6075974956676728 0.047470453945437585 0.09140575265919237 0.9316879706613839 0.966202501712937 0.9323366458973923 0.9076953027331158 0.6721600421660295 0.5461165516613729 0.6609964226179398 0.71849589104796 0.7391512793290099 0.0645765173587527 0.2039603502573908 0.8443025387399984 0.4096272367109697 0.3119796514746144 0.4725398146913783 0.9993757813172541 0.517945386029209 0.1755506634500098 0.2977720446170449 0.6464651568725567 0.49056572129212583 0.8042275302713595 0.26266421679660545 0.1867425317265965 0.709290304330247 0.03263143822547909 0.8737544077640897 0.26980852251097065 0.019163460247814457 0.9275863374615713 0.2534984280004189 0.8473885217335935 0.9543450891364741 0.16771764679613899 0.5180943338393287 0.8988784003688124 0.8781380479302685 0.4011192871828285 0.08767781073832603 0.5542993533836049 0.4853996529298096 0.5225002500333145 0.7298484683997065 0.8255468629952242 0.18380359997741902 0.21657767694991825 0.8039480672720604 0.5047875228351413 0.3114877928886539 0.4331188335970042 0.07485843646012014 0.18324293935064706 0.833233749029939 0.7062823184384406 0.328046377275519 0.040946000798320115 0.637033177506409]
    [0.2378621874702932 0.24845162149778355 0.9406213237093132 0.33990616660548734 0.013857438382215759 0.07465807539117775 0.4520556755473524 0.07657363563820974 0.6327668924896386 0.005218112463583835 0.9316265068993431 0.6922242473346758 0.8281303925816474 0.1510072009195509 1.0 0.8870009363868682 0.38211000523092276 0.3881856421889913 0.35054571207822316 0.34513188495284064 0.9475513595373571 0.14784333192127985 0.497659975787063 0.8723516255161885 0.11278934032931964 0.06865371185903724 0.6926709900005344 0.6395046098411189 0.26724876129341846 0.9351029670531226 0.812720626328028 0.5645254615140852 0.38549938327419186 0.9261740680414742 0.15786827753840016 0.8862830382299365 0.40786592895785123 0.7155389091328658 0.726921548129544 0.4200605673921839 0.4816440397495314 0.7221611080802258 0.49447520557696056 0.43925407490738644 0.05842231213477034 0.19071418538729235 0.6005129097503611 0.2746904947026638 0.37234362000614263 0.8670768769618031 0.30270825734606566 0.3137818818374005 0.0039045462425376654 0.8808794463852272 0.45875689043423906 0.767350178738711 0.06349173968946786 0.10184144627837077 0.3647865341353662 0.18842275482634918 0.8520573073222678 0.5039783990766462 0.0070679384878773455 0.4604386460166181 0.9757234338192589 0.6193893834747526 0.08623330856681766 0.4198483821774427 0.19791287189781703 0.9049401859398944 0.515545759916805 0.11889236045769103 0.5702126349131844 0.8712261126079152 0.5415450365845386 0.8688391298576753 0.5333543240523945 0.549510529185364 0.22301751066062836 0.9595955899544981 0.18795942835882928 0.2827853016379738 0.670103270836674 0.7933990456178691 0.5339648929067642 0.3448973973738815 0.1860446588167214 0.9323766771304407 0.44201163802545496 0.49116335681175405 0.4604722922977529 0.9161966314791469 0.26457114626318035 0.42646577538990027 0.23354697672784763 0.5949880773150042 0.4555912412197235 0.5208775318243462 0.12844119215154726 0.7869403307167615]
    [0.0015949818186428155 0.7976191943481326 0.8832950886989795 0.2724302079751334 0.03596253302059982 0.9550214020098646 0.84130841568904 0.9016897639172409 0.008517755209341837 0.11650271978237026 0.8159702632040613 0.5783512148145836 0.23481444368655136 0.6988306606353156 0.8870009363868682 1.0 0.32896511137840967 0.5250606733428287 0.9597545047855114 0.7095744951676752 0.5296633801603366 0.6323531831965723 0.26932539865949123 0.08353739645462699 0.018254106016392657 0.4019564217104522 0.8668861313983368 0.46657378381608106 0.05377781316714858 0.8584281215598351 0.5248030909133011 0.4310949870999514 0.35827467557506854 0.006346557916740214 0.3706942243145921 0.6673019287971582 0.5259883584303818 0.3652481256240556 0.38832608844919747 0.026855146046542044 0.5104622858130998 0.4873273350358247 0.4040841641884454 0.3021138980290544 0.31230793768483234 0.7745421343022859 0.823380079908061 0.7651624970352829 0.6531810936603571 0.06271401182369907 0.44226915652718135 0.1664646152224487 0.5630695371522719 0.15930234758530581 0.9947832141959386 0.1567538086846586 0.3410694700715948 0.1875553153892694 0.6992873345092947 0.6077621915898253 0.6348601888983767 0.36630699251019916 0.3904937608494419 0.8425442541142476 0.19665079808495511 0.3690534377301212 0.29518377328571277 0.23403035937295558 0.7953484019227605 0.11175148869711038 0.4950219800175102 0.7077430026820678 0.9563003289736309 0.3737566901045608 0.8190150084980802 0.4659345185726649 0.3218666607309202 0.26863892409735335 0.04557901071331849 0.33155869175320063 0.4499955619386482 0.985818179023925 0.7502768909608791 0.7882456795680182 0.9766228398983148 0.8825979021725616 0.9599816759006231 0.3812491962577993 0.8612867191426334 0.9291681931481902 0.11891589319797258 0.3515404528036399 0.2015808710439907 0.2516771841427703 0.21948585350815486 0.1616516818372331 0.6718913336594474 0.23227219277718736 0.8113278613806795 0.2966416798136069]
    [0.5873291123997698 0.5261591651534759 0.14563056264260799 0.8254197920265604 0.045496277087190506 0.8871192385621078 0.38742764349579295 0.9114022725664355 0.08148792065215948 0.9555267151239333 0.5012666857497222 0.7245198812995656 0.8812807459889793 0.6355512276853444 0.38211000523092276 0.32896511137840967 1.0 0.39100646275079776 0.08198785867984715 0.3122947628812205 0.6965771764985037 0.5409994410337343 0.11855894715537119 0.7410374361801367 0.7504455292816963 0.3879176226149036 0.31944565378125234 0.4384669519850136 0.5759325447348669 0.7292586493182396 0.452835075720453 0.05647301237961111 0.23677576311689785 0.3566328925343557 0.16768571213600203 0.2334857125711054 0.32416406741980286 0.28214403212588124 0.5514055444624939 0.5829133267558136 0.09856690271397861 0.7845970560481603 0.3405842792442536 0.6233311385708031 0.9923889945621526 0.7527442719767568 0.0036237286772159427 0.6874674115215267 0.4091314030123787 0.8942215595600864 0.7674005962022207 0.7693618816849475 0.6159340039186149 0.33021823828476393 0.15320629131387153 0.4385394744623944 0.027582916809196334 0.278543632906311 0.5418393698892516 0.2954437296743404 0.19418671124939924 0.47022187371503 0.4473818102031507 0.8311473856880406 0.21312929481855614 0.9897842071656415 0.5628295643740094 0.41437187064253267 0.2798661260158073 0.7783394366408196 0.7886269669467214 0.9265868933023864 0.9920833409711132 0.13721589166260628 0.41279808215817015 0.5254322472924361 0.05230588103129519 0.504009869459759 0.3008106877459762 0.6947174634109929 0.9035981288832257 0.3767586643749511 0.5540681577241008 0.08280781756639821 0.17866144336629552 0.5697368899001757 0.6850215769281152 0.6468279845561979 0.9947295390617185 0.7384902842081306 0.18605188949042473 0.8488817723200425 0.40059377070936253 0.33151946410459165 0.8488438614018291 0.019714121565752474 0.8879829772024121 0.8545688849630423 0.9113149436073679 0.4837363563999324]
    [0.02555945672562343 0.8096741544869493 0.4497963724441696 0.6826060159975379 0.6193968281917631 0.6899795779050119 0.9866246390159642 0.11676391219460769 0.5546960436973639 0.9225222801065129 0.07171764834776506 0.8000746437697522 0.34412575065475215 0.6186638398151044 0.3881856421889913 0.5250606733428287 0.39100646275079776 1.0 0.9407612023295152 0.6032233569669234 0.2516978838428888 0.4492823958903336 0.36855530618847954 0.47745547531381893 0.3422280699360849 0.698850013939845 0.48776123351581513 0.8406378292700076 0.2861966920033179 0.22858216852005786 0.7878951673129566 0.8998621600999456 0.24294076313321156 0.08583351370634418 0.09623595440642185 0.962206248679115 0.549540962034925 0.9376488915383386 0.6174542107500927 0.21191066288295102 0.46111518239089644 0.8400581354973006 0.08154144582137335 0.5481152534860524 0.9402229942998502 0.7780227155136773 0.3820184176724334 0.37285556314383694 0.4089398265942108 0.7361644291268808 0.6478612381865279 0.4675798025649346 0.17877753234829274 0.4817994392993451 0.5403756604271376 0.7275377375388474 0.7538993409369056 0.563115932770769 0.29139761442963164 0.7043640063492552 0.5776761722770438 0.07104382797434805 0.16459448006216948 0.2644839019762417 0.3625710677434296 0.18173457084173172 0.45358689487902426 0.16515909218756886 0.8028518459848161 0.2138995090017003 0.9067238799027393 0.00027152668541252645 0.20116795888157069 0.3636957769161351 0.6016758340635403 0.6881992295405999 0.7503443794907941 0.30898913127874117 0.9649930859237773 0.12282033674359549 0.24302648427096307 0.9126653242844988 0.8355146065088277 0.6164544759917339 0.24389195115885076 0.6169723881229772 0.9791835886912085 0.32308035832448956 0.8909379893881739 0.3055740479897612 0.9419876842694185 0.3004174306787366 0.42692641325423575 0.24077718404574333 0.3250979334980406 0.2255338853476323 0.7217355892013292 0.686117613428366 0.7973937545113915 0.8933553889197648]
    [0.9946443390697661 0.6944500137444046 0.2238203220617827 0.3142709940493278 0.36491793362047376 0.866176731595857 0.5547386442602803 0.9086221948768427 0.777762793923813 0.10424966474860453 0.07860739342964118 0.41223999675915746 0.8422353400469959 0.5467474463413851 0.35054571207822316 0.9597545047855114 0.08198785867984715 0.9407612023295152 1.0 0.02744007633483525 0.9065203463842899 0.8900965987267374 0.8995670424068025 0.6626048904644317 0.7823939957478784 0.16914713569598328 0.6685714684473947 0.9404130571397993 0.8233967884036806 0.2958498416635107 0.36630718932814776 0.9552386174164298 0.17051447849198575 0.993420116798585 0.33396633959385824 0.3763408945417984 0.8991590605682473 0.0033967505319578706 0.7347985303137309 0.2639876571890618 0.15558413721181363 0.5664175917979123 0.39849006129338127 0.2677765038360198 0.7451525524160588 0.7289623620784326 0.6081106111182788 0.10757931366905793 0.9439312620839049 0.3595145357885532 0.9642652313487747 0.2958244087456172 0.8378400701248884 0.9552211023599836 0.6121339063982262 0.9288166483893711 0.9427931301059908 0.5255816466734976 0.8925062462173818 0.5894208831091674 0.6826735032099078 0.43198544886020085 0.9484303526384517 0.8064874268917036 0.6707679216464274 0.6636845243598112 0.1989096671907794 0.37373502365659306 0.7901406541933009 0.6883884762245887 0.23115136897089927 0.877117920866984 0.2599594428110227 0.7321591931858766 0.5319373048760643 0.35797372544722705 0.36784938954024604 0.7448646918717288 0.8012174392743759 0.14877281648784169 0.1675872615453211 0.8438152586966466 0.18501635899146973 0.16356269412270952 0.1932297172149433 0.4873735612547665 0.5011590788432492 0.43813300248971987 0.4944077495023639 0.48574283323650247 0.7328579495800112 0.11630728880947783 0.3141850638523228 0.07802715144415351 0.5263850248337091 0.6110763159748015 0.1535734934186891 0.644192581587249 0.22008089500510475 0.04187419575597362]
    [0.35814347655203327 0.39051510819760393 0.3141175926931543 0.6994839648850549 0.5427597693406068 0.7156276159041376 0.30804778899984286 0.2375449479796341 0.3352831575771813 0.6917203788146018 0.08203401341502126 0.06756754779058216 0.2623464914355741 0.1495686250648336 0.34513188495284064 0.7095744951676752 0.3122947628812205 0.6032233569669234 0.02744007633483525 1.0 0.13928691625569778 0.3211387564748386 0.20272218707500977 0.2086635703390436 0.3009937356037986 0.6734144760961475 0.9268216455920486 0.06432586538597795 0.64330928632334 0.11329047003542825 0.27330508067332204 0.09850680420911762 0.26760871071193404 0.7756054131046248 0.8605688184192797 0.7485090495226538 0.9398520193770711 0.6117634235347273 0.41141719369266816 0.6568245561147696 0.8437734452655559 0.511410660884697 0.31827420084972213 0.5560872943859694 0.1888063918120796 0.2500596797375415 0.2210634350533197 0.7930603597925093 0.6566896807114588 0.9506435523699364 0.8776998667314674 0.8907737244118589 0.31524406196870003 0.31048956059546107 0.18899167394469063 0.5780070633173795 0.4459677222700186 0.8723087548068772 0.08073118066701179 0.05582266203933062 0.1387739950602781 0.24422854057612586 0.9140968421842999 0.8726839211686096 0.03172693926373493 0.3745679983749096 0.029612413306209562 0.519183446433237 0.004559128180367522 0.3829744024253192 0.10425868122268023 0.6182497446887422 0.12693381754586797 0.26572195285018674 0.6951833404479666 0.6273216836014056 0.04753579539998598 0.3123030271320736 0.03192722463868369 0.0011228459442433891 0.6397120630451648 0.3496187358906605 0.4762436277956721 0.7608761993852857 0.30340677461924603 0.9840652432882039 0.5090692831742496 0.8486625002194933 0.2910858667393825 0.9074156443956556 0.3911753195477913 0.18862755699979672 0.24743797330502615 0.6466482043649227 0.2462364614621766 0.4895419908478633 0.17377184437436322 0.4699324500059189 0.07392905221511004 0.6616023095852201]
