D = 3;
n = [6 5 8];

N = 60;
d = [1 1 1 1 1 1 1 1 1 1 1 1 1 1 1 1 1 1 1 1 1 1 1 1 1 1 1 2 2 2 2 2 2 2 2 2 2 2 2 2 2 2 2 3 3 3 3 3 3 3 3 3 3 3 3 3 3 3 3 3];
m = [
    [1.0 0.4554739539427448 0.9292245932429813 0.19035056875172196 0.8129356855750551 0.32870635118154956 0.03197207123451318 0.07020709272524639 0.9352392465055889 0.03284291399399908 0.4525362571991637 0.27256730614638136 0.9745219279911811 0.5388253794749531 0.21000823263963364 0.2918502409197715 0.45747868161873373 0.25406964166153423 0.933940808051936 0.7677356750691241 0.3514847362322111 0.8403551829106476 0.18357254492333974 0.24315114130404392 0.8735479669158337 0.7905143241279285 0.9645283783216908 0.9379085746035879 0.4731037546961495 0.09752128863404019 0.7968667427007763 0.21864066232950552 0.02711632841043654 0.708170710462203 0.7265887274516538 0.006425434863011503 0.3173926988708907 0.31240514630274197 0.8799131337602465 0.9018015754755571 0.44831292958204294 0.37140480439159207 0.17206707513647934 0.3158519850905934 0.7671571587466941 0.20816532256404552 0.1652057853659904 0.5240440854413152 0.2983403797326425 0.8893191935517842 0.8308199316369765 0.44174835305669724 0.46254658476776445 0.6004936760371851 0.5528919665026529 0.45391665510144497 0.5612593094700907 0.10414198460031554 0.5538924500491536 0.03820201123194622]
    [0.4554739539427448 1.0 0.1777579475847817 0.5133020813794215 0.16503276442156933 0.9430276722664841 0.7799532891797304 0.8560982456166362 0.1009325442652017 0.8407113614697709 0.4129494053241015 0.5427099068712737 0.20794217562536332 0.7586711227865525 0.09287274909958843 0.7621899852531764 0.5453195407995923 0.1196781250375466 0.11551229601895052 0.5913001306844908 0.7479113696388984 0.22173117968169953 0.8755049487141566 0.34833090129742894 0.502154186070256 0.8948184194461639 0.6087349681295477 0.7614150852536846 0.16389776650054755 0.5980457089947195 0.6298716567654055 0.7393127537650936 0.17965550409971687 0.31036940935319357 0.025761600026945608 0.3107644201962635 0.9131844920917429 0.7375527529367982 0.8681010405750984 0.9398860813639383 0.7588093397009834 0.07528475177276128 0.06583209787665523 0.2266229802614227 0.7600830735225792 0.8297581199938774 0.5301119299775636 0.5292920920784794 0.9661714113129045 0.04206712133527146 0.04446032329627181 0.23856874100271563 0.8290284323053897 0.8667512063341071 0.7750138291900184 0.1887685850014208 0.1981634908469373 0.19899710548198524 0.5883172928979189 0.7769792245318852]
    [0.9292245932429813 0.1777579475847817 1.0 0.8605190778999234 0.6131697414950351 0.08798745695600196 0.5962911111265654 0.2556900867780487 0.9359972784732563 0.38569109306475957 0.6264383981868779 0.9723903894401237 0.2799535129103544 0.5556040284902066 0.9530359790285048 0.05257796120555058 0.3076195206967052 0.9406811448824558 0.7899759566403854 0.41684033052797254 0.10867280933918855 0.9237894213686643 0.6733919080326055 0.6429826822944497 0.4802042542261933 0.7459783530515852 0.8154400268978301 0.8577879638856538 0.15010500029939045 0.6010864175132117 0.7681395330263479 0.17294824037973833 0.07605063682198954 0.5346626160248196 0.613194477857146 0.20394345621729726 0.7125408472191068 0.25703291838445186 0.5392933401800626 0.5878014067283636 0.7228873339358961 0.7941174053013396 0.6681139132565906 0.21482114460308 0.7202733825557568 0.7635961249156726 0.8050317206963097 0.05259125609062576 0.9681290448220812 0.8219271301093494 0.22955709950175585 0.35952400993595224 0.2188507260324728 0.01857087163595672 0.4318685714026381 0.35420919763891956 0.9665039477279578 0.23316183404791035 0.5494668434988721 0.5257422392499589]
    [0.19035056875172196 0.5133020813794215 0.8605190778999234 1.0 0.9846424309669047 0.9225363629688653 0.6369243924670027 0.3125253437613863 0.35213531100574924 0.5800285806807416 0.9782860841631094 0.3568223991890975 0.016316199332738535 0.6341767032387847 0.3039870937557235 0.6463984537425962 0.9215799763476608 0.010327267088263148 0.729372717263311 0.16214009521915762 0.13153605133286073 0.07536556643374559 0.6048096390890122 0.056756755215800814 0.4747430423619272 0.6383297572209665 0.2820183531521192 0.3406477688267243 0.4540095786497482 0.35463312271738456 0.3124411943443852 0.2421417602594853 0.8273928533231492 0.2783147225182774 0.3086281607315283 0.24474179742435342 0.4265853639136796 0.2582625912602632 0.7930115044821815 0.39054954005633014 0.14224142856119038 0.35064502525813235 0.34993244449838556 0.9688736393981466 0.5153319175950275 0.40078643650249834 0.7204241086542158 0.5954432092144145 0.17868854770834885 0.5371744690278014 0.3013622108131774 0.7808980573375448 0.9961820208214143 0.8981405964184612 0.09203583640086777 0.39443144729567603 0.2409075091327788 0.18958644486378218 0.8033215679497031 0.9696888702343113]
    [0.8129356855750551 0.16503276442156933 0.6131697414950351 0.9846424309669047 1.0 0.8469924699752852 0.30267633196702615 0.9234590132836284 0.543550981092355 0.4194550967460159 0.6419209160082433 0.9661369247953067 0.1857000010943458 0.4478953980885769 0.8238464014024457 0.8856188782581899 0.3066185989238661 0.9429290540514935 0.1335291956864697 0.8791593967060207 0.7974561679706504 0.8232462839749292 0.03902239750421821 0.45104569181267606 0.4317889088444641 0.928299652926836 0.042786436386474835 0.2656769374979141 0.9592456396874253 0.20927343398752518 0.3044681687526851 0.36949962232114975 0.13977831762701243 0.8836381618353863 0.04892169915124689 0.564550473931103 0.8110994223918851 0.4876890275489544 0.9404967599619344 0.8379724786240849 0.8118202643170084 0.9083736735054538 0.44463396569376246 0.38303488454920676 0.610091918222096 0.9452664788868188 0.3918848328080504 0.628546224439247 0.2905091788825751 0.010466846252390805 0.517263137547801 0.7965920859999402 0.9798629924363532 0.4009582622716459 0.582058499706455 0.9421067317998046 0.8496306194103793 0.9486864746186329 0.9458465452746915 0.8289666705150508]
    [0.32870635118154956 0.9430276722664841 0.08798745695600196 0.9225363629688653 0.8469924699752852 1.0 0.3119970421818722 0.658144860076131 0.5816195120394285 0.6666013104263686 0.6399749279002522 0.22433624271393715 0.24398669377402182 0.02890871970717157 0.11320800493621996 0.7554513392949969 0.6004287163581952 0.8830331322341572 0.15658035361838307 0.43627492972340753 0.22547997941630038 0.24324458222548517 0.24849071496975017 0.5036046660967565 0.6996071487896642 0.8409886671993081 0.5137638896660816 0.12145841517215517 0.25398978480305345 0.07666739799858202 0.161998681457588 0.7454904337227937 0.8052515008443469 0.41400318944624925 0.41944897562175953 0.6446463062230726 0.9623319404089434 0.19558779933966797 0.2946402974743133 0.9722899177799641 0.904017657411051 0.4000767576169919 0.4172069950454893 0.9816055568215963 0.4216887193731049 0.6986076782743644 0.1959060760334479 0.3011971232558972 0.4807808879541571 0.878454171709727 0.8718478704539935 0.43234963396564796 0.17778763591051672 0.9427688718170645 0.1956846763308402 0.39237964853662755 0.569631445938428 0.6611373855408705 0.9058159795537822 0.8265054265785166]
    [0.03197207123451318 0.7799532891797304 0.5962911111265654 0.6369243924670027 0.30267633196702615 0.3119970421818722 1.0 0.09499439057759118 0.7675273430902777 0.07564991472567739 0.6601159018134646 0.9432309045093272 0.8377671237243415 0.8856384509074596 0.8042554321243385 0.23051118247941416 0.2538514425703219 0.9838140723427685 0.6214883950412406 0.36196154736069985 0.553742700261043 0.7142486790173744 0.8528097740522415 0.2216882390993078 0.2247777547966049 0.47627768647060675 0.0938959453854673 0.1419940514200052 0.4054585136389556 0.13617238634905915 0.7552855390385408 0.2989904589845265 0.20866774681104594 0.11934666877810018 0.7911558623130479 0.21109226721811059 0.9990094417490661 0.2685730259130815 0.2664179380421482 0.5656547663486545 0.2041121672046079 0.3203402078246559 0.14132576938998487 0.9687868521083842 0.37632619202060646 0.004730593123478788 0.7460995677271145 0.4501413361841258 0.5608861692278614 0.47129965654046524 0.8329746766504611 0.2943262725039668 0.93194524127972 0.2513415067585172 0.7947059682932645 0.3151580665530461 0.3302625198251521 0.13532644776719904 0.6810342057918546 0.42176235936738915]
    [0.07020709272524639 0.8560982456166362 0.2556900867780487 0.3125253437613863 0.9234590132836284 0.658144860076131 0.09499439057759118 1.0 0.16585390973375969 0.4559965899940539 0.9790151361466553 0.6964683604519162 0.6459951601322386 0.3195693176798574 0.8894706794668219 0.5431406337426694 0.8569680264662467 0.9627746609791811 0.7739313054111608 0.9610140644160218 0.33064472462144234 0.6204650254455333 0.9762585143136372 0.2193898680117945 0.9506166224042306 0.30919546351992233 0.6978641313945037 0.8756470838444401 0.2929359162068299 0.006236302011331851 0.5685579561994182 0.5201838927441194 0.6369170967306986 0.2910184983972677 0.6327032893156562 0.3523204851624775 0.5461348079440833 0.29110845489139703 0.8037029534088137 0.05119778018031074 0.7819830181966497 0.325800447516965 0.13767181596874267 0.32542952237271394 0.11307112489774718 0.09808514997916284 0.014127501664732312 0.7207558499027953 0.5268406183061013 0.7218727257426882 0.6737995520747653 0.3940385240477413 0.7777046015615783 0.584182561457083 0.05438171219774324 0.9286495229055737 0.9659855676827394 0.4287089257621126 0.4802929542261579 0.5136888040161524]
    [0.9352392465055889 0.1009325442652017 0.9359972784732563 0.35213531100574924 0.543550981092355 0.5816195120394285 0.7675273430902777 0.16585390973375969 1.0 0.7746950393088214 0.8476395589171404 0.8283153908919613 0.9612403463685997 0.4105510397098914 0.7136858680327625 0.9779037016517105 0.7705658742462067 0.5317669663617314 0.5802614369644555 0.011562084731163047 0.36568152330436776 0.2220305944128047 0.4310742711642118 0.6876440468980308 0.34928706925324027 0.9038724394677455 0.5142285933413675 0.3942072423615902 0.8043069176518047 0.5388683958209555 0.7346060799937104 0.9845082050093849 0.8799334191622421 0.5782295156462347 0.26374107718079864 0.31397360005425834 0.4958163794690569 0.6320048504255207 0.17173135032745457 0.9887626983188009 0.7514149226695366 0.5556405620355104 0.06313178229227023 0.6494261973435265 0.8561184655455081 0.11853783500035497 0.13722175841757722 0.8452734471082071 0.2392880821912443 0.8474383737386219 0.8938603640666573 0.9908443197736486 0.6312954774586871 0.7072733645617684 0.10211930709130101 0.6885025716308545 0.6328237419813477 0.19911170113608945 0.5683378577171333 0.6628895569326333]
    [0.03284291399399908 0.8407113614697709 0.38569109306475957 0.5800285806807416 0.4194550967460159 0.6666013104263686 0.07564991472567739 0.4559965899940539 0.7746950393088214 1.0 0.7071609762689874 0.5858288834561175 0.9252118665891914 0.45468950916828976 0.008904280541915832 0.9827843187651044 0.3636488160210052 0.46155558649748274 0.08318791310522378 0.6520938865675551 0.43310148821860495 0.5265823504295577 0.275045716895557 0.8183613924390735 0.8502668244747837 0.05839033121428827 0.8172867499383095 0.2663977497524491 0.4176573213449093 0.27466168920853895 0.08353439821256048 0.958828101845244 0.4619716497241957 0.42697801273258884 0.7684094526662122 0.696274260889599 0.1374818470924346 0.16872036811736724 0.8147554977160151 0.6809345858476048 0.028991173383351887 0.3599575790116575 0.6519286339714673 0.3514769638641556 0.23351766516907146 0.41008541314571756 0.22628893855551624 0.44118963195626815 0.8526077685788868 0.8867791039185849 0.9018806645783485 0.5002596151129273 0.9059902555905784 0.18445326014849328 0.698116807956636 0.05316597748296359 0.1145747617666415 0.05548544618939366 0.4675141493004249 0.7531508039020327]
    [0.4525362571991637 0.4129494053241015 0.6264383981868779 0.9782860841631094 0.6419209160082433 0.6399749279002522 0.6601159018134646 0.9790151361466553 0.8476395589171404 0.7071609762689874 1.0 0.8213826799075393 0.21552360671977966 0.06514964495993514 0.29751102399467444 0.7522968549733055 0.8340263410633298 0.9264309272927456 0.0380379433189767 0.45679056502509574 0.8596444680461351 0.04739130343827458 0.100551898170954 0.47477371050659345 0.9296228679186928 0.909998278424505 0.5488418693269803 0.6663574506907358 0.247224534999972 0.08917335664055015 0.31273547929775136 0.1164656826694287 0.7936414188283214 0.22168734727849326 0.2691064687861183 0.7563997269962898 0.6491548481466132 0.12126031042435814 0.47224634184204184 0.0492145661867911 0.22753986711134377 0.4745342193284562 0.6785440257277423 0.9480381415301881 0.5043583324871566 0.4661627969450709 0.06235733727313453 0.022796917452546195 0.03261899756829878 0.8012706705088005 0.1295991740504252 0.8584358067057722 0.884761503861432 0.728543849800154 0.7169145271016867 0.21886381787756348 0.35845621886332446 0.8344174846101516 0.889203269043586 0.9802593046370163]
    [0.27256730614638136 0.5427099068712737 0.9723903894401237 0.3568223991890975 0.9661369247953067 0.22433624271393715 0.9432309045093272 0.6964683604519162 0.8283153908919613 0.5858288834561175 0.8213826799075393 1.0 0.6612239783993887 0.6250344690515559 0.7885665174873533 0.7872009311394138 0.10429105844511843 0.6269880546613857 0.11364893791610586 0.913252977626057 0.33311191513061655 0.41686306789106553 0.009509758712096139 0.36092008539346276 0.7368644191451331 0.8470422280359455 0.2931166983915119 0.7897646162007235 0.4141092184103511 0.29067969439192476 0.1209443681043395 0.1416396576120178 0.5274564806567845 0.36087176926331166 0.5775273748178824 0.1759315929192693 0.44063539573817634 0.28904704827154815 0.22983740676826925 0.5318888693831018 0.5730577213929413 0.6909567658626679 0.004182575896251484 0.0157258832109598 0.6973250365276485 0.9434534772607569 0.23666429508285114 0.9881855275361324 0.2765156442759692 0.24540281542708942 0.1876296576337143 0.1864363378425189 0.6216411784078268 0.56374289934926 0.39903442223720564 0.7477758350659081 0.13649968824346248 0.7042671007624257 0.7415944193152095 0.9136389293958846]
    [0.9745219279911811 0.20794217562536332 0.2799535129103544 0.016316199332738535 0.1857000010943458 0.24398669377402182 0.8377671237243415 0.6459951601322386 0.9612403463685997 0.9252118665891914 0.21552360671977966 0.6612239783993887 1.0 0.6346590795974337 0.7284583056297093 0.7471271918235868 0.19935998161263058 0.22467693880978445 0.7648244149794867 0.4382470827825855 0.5308044404660177 0.773723790166616 0.8045418847282385 0.6580614486458348 0.8490822315489726 0.4831148956808964 0.224487612177089 0.1468898911868134 0.019138317186708664 0.7345028580117379 0.9747990854193739 0.539419970764817 0.9589862556513563 0.6200652847077668 0.5706216382912139 0.22615385740491234 0.7705899828737698 0.5447713983574747 0.6547519068895067 0.2824594218322991 0.8114716579565885 0.826873722203892 0.8647391172241894 0.7366656373730532 0.9826455069492761 0.680248980567589 0.8971585008955213 0.2000967367262062 0.7365478786582522 0.5377322673268102 0.1546222801592505 0.008949747612401748 0.6276690700372534 0.7521851713614263 0.3726632380686783 0.32606765335608356 0.9938752808601977 0.14856317359905047 0.7571618782973148 0.9531714599417037]
    [0.5388253794749531 0.7586711227865525 0.5556040284902066 0.6341767032387847 0.4478953980885769 0.02890871970717157 0.8856384509074596 0.3195693176798574 0.4105510397098914 0.45468950916828976 0.06514964495993514 0.6250344690515559 0.6346590795974337 1.0 0.9230634339220702 0.49721498512258056 0.7186122109360251 0.22496626754257976 0.5915406689342282 0.2969175120711859 0.4534806362407543 0.3079818636639109 0.16894457002174346 0.4994796920282951 0.8844492773808266 0.5425189785212892 0.6824594645722382 0.03142586237688971 0.5907059113559088 0.976696183341519 0.10127109134522505 0.9520502003314304 0.5328285381738698 0.26240038886159567 0.7239249965400534 0.7576209691377856 0.4664846909012368 0.8005867808555824 0.4054996468095995 0.997467496153575 0.3223526809084324 0.9241334218550248 0.13366797044073897 0.861886095838108 0.9301122728285925 0.9717372718860802 0.7428158461853251 0.08057811770915024 0.13456453208749697 0.051340255698775206 0.26821792760777896 0.4522502889118142 0.07668705696921374 0.3283633997221198 0.11435269602146281 0.7955231091369058 0.7298747962752751 0.8530537595032877 0.9609664321345907 0.183809202500697]
    [0.21000823263963364 0.09287274909958843 0.9530359790285048 0.3039870937557235 0.8238464014024457 0.11320800493621996 0.8042554321243385 0.8894706794668219 0.7136858680327625 0.008904280541915832 0.29751102399467444 0.7885665174873533 0.7284583056297093 0.9230634339220702 1.0 0.11612322384616514 0.7168457114344409 0.3432656898574984 0.6333140286663128 0.04078251332325622 0.6765381885397904 0.14369651462773658 0.007614969984334974 0.3664307970794217 0.8275663730767377 0.33417294069601133 0.7698075155099506 0.9568736618370731 0.09363703386565625 0.94730762500884 0.699039126718348 0.8810630449709682 0.8810835100112584 0.11343509758336445 0.1201684893881666 0.1645943265028098 0.07200569722281058 0.3040415871646184 0.4366278801616895 0.7342456717998516 0.8150123281801225 0.6845479900097754 0.28638953984924675 0.13876289593662272 0.2216646324777013 0.878824326038391 0.6093157112822664 0.6201559119119442 0.6959999487294881 0.05163575129011044 0.8580347143847701 0.7146601979223259 0.28601100095035437 0.385135741050478 0.17619470239424728 0.09153864463724393 0.4601824701215007 0.9482392720462026 0.36587003159885234 0.270720899294153]
    [0.2918502409197715 0.7621899852531764 0.05257796120555058 0.6463984537425962 0.8856188782581899 0.7554513392949969 0.23051118247941416 0.5431406337426694 0.9779037016517105 0.9827843187651044 0.7522968549733055 0.7872009311394138 0.7471271918235868 0.49721498512258056 0.11612322384616514 1.0 0.6705570433200185 0.2387442799564966 0.31824603400371243 0.24640638586186325 0.38430952169465604 0.5484099326343003 0.311401652815647 0.5138568574014797 0.31389284723729605 0.4942389510120472 0.07831644712419739 0.6842811037598179 0.7346303210125009 0.034418807911424376 0.4299227420263103 0.9968293721287814 0.4530489674515723 0.6823644418774093 0.7923222352475929 0.24463057449676417 0.07143293341556456 0.6620586639285627 0.07613586329925803 0.3194721148594112 0.2663714334386459 0.11520364760034496 0.029751291082991127 0.4745608767479882 0.6825789909185661 0.3570204096503884 0.153155931582302 0.01994207992804442 0.19797045244489042 0.2798914833591303 0.5172146820793276 0.5577281897034204 0.4405551247840508 0.3918396164670819 0.9758897957396331 0.3425880152400418 0.028675029741930702 0.8052683119972789 0.21523001755014926 0.803108570381572]
    [0.45747868161873373 0.5453195407995923 0.3076195206967052 0.9215799763476608 0.3066185989238661 0.6004287163581952 0.2538514425703219 0.8569680264662467 0.7705658742462067 0.3636488160210052 0.8340263410633298 0.10429105844511843 0.19935998161263058 0.7186122109360251 0.7168457114344409 0.6705570433200185 1.0 0.4220992028606332 0.4325863731539936 0.08680469018216408 0.8921178218849865 0.7988690590365114 0.4648333261103408 0.7688412785203016 0.8203281907848887 0.9314432766832734 0.8123108209062521 0.7359837999480361 0.9230114386846852 0.05797649087055223 0.7094104934358977 0.24527651977189102 0.12633480163588318 0.7376403164994498 0.06912893966491818 0.6447953294764339 0.517026817195713 0.4879454867239492 0.24695721655974534 0.5803914110887372 0.2733614233472085 0.9894843284345062 0.6508832672125807 0.5072554143839012 0.08526073531472089 0.8093074272269286 0.4527995723654168 0.12987593258186836 0.17633914092269065 0.06982397298579557 0.6995861977667238 0.7826702291492889 0.8743380614418857 0.8273216720423062 0.16019807645546758 0.5838588092505336 0.716597666094891 0.6535840372312384 0.6317312597682067 0.5402708200966229]
    [0.25406964166153423 0.1196781250375466 0.9406811448824558 0.010327267088263148 0.9429290540514935 0.8830331322341572 0.9838140723427685 0.9627746609791811 0.5317669663617314 0.46155558649748274 0.9264309272927456 0.6269880546613857 0.22467693880978445 0.22496626754257976 0.3432656898574984 0.2387442799564966 0.4220992028606332 1.0 0.9294712669876107 0.5558324384316968 0.9149301038628126 0.7041144769954807 0.24370928398925973 0.263183726502496 0.832235933978911 0.8391005402155026 0.9075362480275 0.5796751903941789 0.43811540075523847 0.30791540329837364 0.1609061030140978 0.11393896001245063 0.6784067196370448 0.4812277449027673 0.06041516726500429 0.9198235954363618 0.29318450608765634 0.7579635332670408 0.8067239362185652 0.35118543752883724 0.5734921226251227 0.2561449615085096 0.849327937471375 0.6091125766343282 0.4506514013320384 0.6432134716650618 0.5717185516253624 0.8938273088171887 0.1767885931744353 0.360726048555024 0.6254946374258313 0.9121635896151185 0.5322205914600153 0.6672460685756665 0.38380450933893684 0.9996043457023537 0.7550149626582302 0.39381703063094076 0.15777891799512922 0.784106789517629]
    [0.933940808051936 0.11551229601895052 0.7899759566403854 0.729372717263311 0.1335291956864697 0.15658035361838307 0.6214883950412406 0.7739313054111608 0.5802614369644555 0.08318791310522378 0.0380379433189767 0.11364893791610586 0.7648244149794867 0.5915406689342282 0.6333140286663128 0.31824603400371243 0.4325863731539936 0.9294712669876107 1.0 0.7946653442796708 0.028417390731171555 0.26618292206808913 0.30708908296559334 0.42986938143083786 0.6281681282796158 0.3209863947122681 0.05870023658225432 0.5365440565318252 0.30640118733915944 0.8805812584970134 0.5667743990894404 0.0958464468745398 0.4366360002413967 0.3344995340403 0.7204457654137446 0.3861946758147985 0.5035913486190262 0.3527647818705427 0.8289909542049604 0.4342432620762843 0.7909759025208823 0.3178653457013203 0.9394323935921732 0.5910497986491989 0.7397947797908438 0.4123214922134073 0.16513003487244315 0.19458145805069416 0.59607218742867 0.9820428928219279 0.8626741699136412 0.8843723495053432 0.462272010633793 0.22342874688930903 0.4045476756139549 0.04112257227252347 0.08283631717621176 0.45987949797798455 0.5291755712143269 0.10343218911588525]
    [0.7677356750691241 0.5913001306844908 0.41684033052797254 0.16214009521915762 0.8791593967060207 0.43627492972340753 0.36196154736069985 0.9610140644160218 0.011562084731163047 0.6520938865675551 0.45679056502509574 0.913252977626057 0.4382470827825855 0.2969175120711859 0.04078251332325622 0.24640638586186325 0.08680469018216408 0.5558324384316968 0.7946653442796708 1.0 0.6620215326574074 0.3072942780660467 0.3982117714737662 0.5237655847020165 0.5079025277595578 0.5652254533120575 0.9734745010670457 0.3807106207594615 0.0035451751619036687 0.2415329907628161 0.6608036933694197 0.6873849701740274 0.8123649045363971 0.6834209807702806 0.8348991253711696 0.26415750942117555 0.7182331669950238 0.015749981831176152 0.348992072059769 0.5391629697045723 0.12801583790877225 0.7132209338436712 0.2527548542244047 0.36094446193777574 0.5108344400582314 0.3014890512933954 0.3873889239271795 0.02466006167091095 0.1781325740637324 0.3940243937045351 0.10659034236162823 0.923690823697505 0.005087810995612729 0.2644369514502879 0.9885963105219696 0.11190891753748389 0.6556820860595297 0.718909371685215 0.9705503866756547 0.5877571450745294]
    [0.3514847362322111 0.7479113696388984 0.10867280933918855 0.13153605133286073 0.7974561679706504 0.22547997941630038 0.553742700261043 0.33064472462144234 0.36568152330436776 0.43310148821860495 0.8596444680461351 0.33311191513061655 0.5308044404660177 0.4534806362407543 0.6765381885397904 0.38430952169465604 0.8921178218849865 0.9149301038628126 0.028417390731171555 0.6620215326574074 1.0 0.0007078227943141391 0.4451344936002948 0.9609670869997352 0.014125492571140041 0.6696095617092502 0.9223583469163127 0.44155770408493156 0.5202169347359169 0.4425660343177006 0.8983419614411109 0.7873025112008177 0.31846560838446847 0.9089487602871622 0.510213998478802 0.12008152785009274 0.32925388703656033 0.9587361220862974 0.6007188768884756 0.14193562050323294 0.2365244998856737 0.5680739782199243 0.7798813999409864 0.9001968446391875 0.8151713326928222 0.1732867321472431 0.16267555512569432 0.4122650513560817 0.8668438569631177 0.8963363587564602 0.2169742731848029 0.5064964816593658 0.6505886659079405 0.8914107704318833 0.4355216410690693 0.9781871787612211 0.7611943812240566 0.6359857037398361 0.20015372366683493 0.9406789096051207]
    [0.8403551829106476 0.22173117968169953 0.9237894213686643 0.07536556643374559 0.8232462839749292 0.24324458222548517 0.7142486790173744 0.6204650254455333 0.2220305944128047 0.5265823504295577 0.04739130343827458 0.41686306789106553 0.773723790166616 0.3079818636639109 0.14369651462773658 0.5484099326343003 0.7988690590365114 0.7041144769954807 0.26618292206808913 0.3072942780660467 0.0007078227943141391 1.0 0.031225448883814955 0.3778418958208518 0.5155007033930946 0.8952396644940002 0.9092548715524604 0.935503140620264 0.7915550594495212 0.13724701066506473 0.48403444764642367 0.875429825600617 0.6029880656468747 0.8193484775011957 0.3969454129415154 0.39545583109484095 0.062061701082516074 0.6065473455492381 0.43047112947208166 0.6928714231130391 0.7426429512138917 0.27172636343295875 0.7128964403062483 0.12911273503137288 0.5857627408766508 0.44569251145411604 0.5336815664413909 0.8543273490466156 0.3444199289402452 0.6144934139430014 0.9302771881993431 0.7482527022636782 0.5232200306120182 0.9855777152990185 0.6809426798091927 0.020081773673602643 0.894406443885515 0.04207700366105871 0.6690285057373834 0.1796069147445698]
    [0.18357254492333974 0.8755049487141566 0.6733919080326055 0.6048096390890122 0.03902239750421821 0.24849071496975017 0.8528097740522415 0.9762585143136372 0.4310742711642118 0.275045716895557 0.100551898170954 0.009509758712096139 0.8045418847282385 0.16894457002174346 0.007614969984334974 0.311401652815647 0.4648333261103408 0.24370928398925973 0.30708908296559334 0.3982117714737662 0.4451344936002948 0.031225448883814955 1.0 0.03836842156602893 0.41322810856985404 0.08368826985719025 0.7824591426118898 0.04377274725830216 0.8272348221265194 0.27602361505787065 0.08594386669557541 0.35319892965620336 0.5315958438432681 0.9396425137052421 0.25566194915421236 0.7291323601796403 0.559440707316594 0.9283933088374561 0.9583704675487421 0.9365118480976728 0.4031935726843251 0.8060684305152911 0.37579416392796394 0.14073503453432223 0.6227354230807839 0.14379705911838436 0.9833318155626385 0.39856461866100434 0.25100780889523455 0.8423049209241174 0.3879624117290942 0.862631880248069 0.8814354098589597 0.19026790675729277 0.4063307049077356 0.32191824755280274 0.7745263092332396 0.23543163631140784 0.9791913046688282 0.5016039921352714]
    [0.24315114130404392 0.34833090129742894 0.6429826822944497 0.056756755215800814 0.45104569181267606 0.5036046660967565 0.2216882390993078 0.2193898680117945 0.6876440468980308 0.8183613924390735 0.47477371050659345 0.36092008539346276 0.6580614486458348 0.4994796920282951 0.3664307970794217 0.5138568574014797 0.7688412785203016 0.263183726502496 0.42986938143083786 0.5237655847020165 0.9609670869997352 0.3778418958208518 0.03836842156602893 1.0 0.3438852853081841 0.35961839433062537 0.17610441009238686 0.7392682787468302 0.584052317791919 0.6323694658916461 0.9575903262670091 0.945291357674274 0.9894856981537287 0.9877039417199287 0.7814332656453421 0.6201133509843307 0.9443444931077198 0.12272022099925473 0.6642348481856085 0.9443101780461352 0.4550013393557971 0.1519093008812754 0.9082536413221772 0.9215978523289058 0.8087301005693912 0.7000091476523026 0.870432262044979 0.6349585486328905 0.6136692312751576 0.15370410970659276 0.0369751251889231 0.5200532696422344 0.7465783217719673 0.13781820192115024 0.02432928650754218 0.5474558254869034 0.7112077603662849 0.0040318309483690085 0.17832203781530642 0.5249593303865416]
    [0.8735479669158337 0.502154186070256 0.4802042542261933 0.4747430423619272 0.4317889088444641 0.6996071487896642 0.2247777547966049 0.9506166224042306 0.34928706925324027 0.8502668244747837 0.9296228679186928 0.7368644191451331 0.8490822315489726 0.8844492773808266 0.8275663730767377 0.31389284723729605 0.8203281907848887 0.832235933978911 0.6281681282796158 0.5079025277595578 0.014125492571140041 0.5155007033930946 0.41322810856985404 0.3438852853081841 1.0 0.8046538144708967 0.010843187340978333 0.8858066870369016 0.5321080814897236 0.09388810181838281 0.3365727730251552 0.93041710058221 0.08591121925245648 0.4898604477372981 0.944651112758506 0.9860026816901136 0.19774422753759135 0.5035282088133703 0.8558395114181597 0.7661082365998546 0.4461055260864121 0.8260236657806037 0.6288415723925198 0.11014476206436419 0.25238522827098053 0.2173648783756147 0.8815201866699142 0.5716296624199999 0.8849481543065977 0.3882917691337102 0.9092372498325029 0.8592584479768037 0.22703406894774347 0.8540883925097792 0.4431879788281341 0.01635953648752142 0.5876233876462441 0.9810612952094244 0.5677635853872256 0.5226953726026647]
    [0.7905143241279285 0.8948184194461639 0.7459783530515852 0.6383297572209665 0.928299652926836 0.8409886671993081 0.47627768647060675 0.30919546351992233 0.9038724394677455 0.05839033121428827 0.909998278424505 0.8470422280359455 0.4831148956808964 0.5425189785212892 0.33417294069601133 0.4942389510120472 0.9314432766832734 0.8391005402155026 0.3209863947122681 0.5652254533120575 0.6696095617092502 0.8952396644940002 0.08368826985719025 0.35961839433062537 0.8046538144708967 1.0 0.8187470146982733 0.06463324715261498 0.6702559088321145 0.970515590280807 0.7242834431794912 0.1099784637935245 0.18588956298419812 0.10924454856589771 0.5986697927798051 0.8423406012010687 0.732502480685351 0.47673229393831307 0.16531894230676414 0.41136556384428047 0.8849259757742116 0.8836554268040965 0.659816776065717 0.5601317590629025 0.09344133435021329 0.08191121306137339 0.7296036859093042 0.11949853699257618 0.5165075889220215 0.9139533109174119 0.8087502849554893 0.19694670504333578 0.2191542848076724 0.9244159548874822 0.14739942628455005 0.1335400651826112 0.5750746941675652 0.7650521553102124 0.29385153591607593 0.15482714653807528]
    [0.9645283783216908 0.6087349681295477 0.8154400268978301 0.2820183531521192 0.042786436386474835 0.5137638896660816 0.0938959453854673 0.6978641313945037 0.5142285933413675 0.8172867499383095 0.5488418693269803 0.2931166983915119 0.224487612177089 0.6824594645722382 0.7698075155099506 0.07831644712419739 0.8123108209062521 0.9075362480275 0.05870023658225432 0.9734745010670457 0.9223583469163127 0.9092548715524604 0.7824591426118898 0.17610441009238686 0.010843187340978333 0.8187470146982733 1.0 0.22613159104990255 0.8950309794014666 0.6841084450323182 0.6605473578530114 0.5778930039555974 0.13404817016952897 0.4714352307089945 0.5244505295281949 0.8814632820631679 0.561050439439722 0.6203436289114199 0.953537567931223 0.7713553673969297 0.10359852247100254 0.7511962228137831 0.9902682102793371 0.753588657544595 0.3408355894601355 0.024746230198322894 0.8582079603401411 0.5690344487833796 0.8034176331493337 0.9465761197338285 0.8178661990179221 0.06005901701131933 0.6188051862370452 0.16149369193826668 0.20765405105736257 0.7481412946896769 0.5059177062448407 0.25927161971765067 0.0492618074074862 0.9130608850896891]
    [0.9379085746035879 0.7614150852536846 0.8577879638856538 0.3406477688267243 0.2656769374979141 0.12145841517215517 0.1419940514200052 0.8756470838444401 0.3942072423615902 0.2663977497524491 0.6663574506907358 0.7897646162007235 0.1468898911868134 0.03142586237688971 0.9568736618370731 0.6842811037598179 0.7359837999480361 0.5796751903941789 0.5365440565318252 0.3807106207594615 0.44155770408493156 0.935503140620264 0.04377274725830216 0.7392682787468302 0.8858066870369016 0.06463324715261498 0.22613159104990255 1.0 0.5270358635997205 0.04265670708904412 0.1403512528022477 0.763898581938097 0.8682507703019865 0.19139339841675507 0.9378658218959846 0.8705607528143968 0.03298519569412961 0.4144972638160934 0.6486513338886258 0.31022344831489534 0.3903123068169896 0.12916106015057438 0.6169120215767869 0.48626019390272623 0.8683204583825928 0.22252799951401814 0.7404482087987675 0.6859832371670573 0.654603165577882 0.6263747392700418 0.19370577361356645 0.20652069389549477 0.6396162139108718 0.12124889204092093 0.6557204086487228 0.14185843552534516 0.10644404707461175 0.5124942003094937 0.3176338149555751 0.5306480409724429]
    [0.4731037546961495 0.16389776650054755 0.15010500029939045 0.4540095786497482 0.9592456396874253 0.25398978480305345 0.4054585136389556 0.2929359162068299 0.8043069176518047 0.4176573213449093 0.247224534999972 0.4141092184103511 0.019138317186708664 0.5907059113559088 0.09363703386565625 0.7346303210125009 0.9230114386846852 0.43811540075523847 0.30640118733915944 0.0035451751619036687 0.5202169347359169 0.7915550594495212 0.8272348221265194 0.584052317791919 0.5321080814897236 0.6702559088321145 0.8950309794014666 0.5270358635997205 1.0 0.37314131297242503 0.10116156396990095 0.3200604412265948 0.26190465139053176 0.7006384241021072 0.0034971427506998998 0.4435470375616112 0.33973341264507084 0.0386784268765612 0.45343318530473997 0.0916403414584479 0.08027678210281208 0.7671942848977098 0.49517029961176573 0.8843395121322749 0.7746754177545752 0.19594612224538044 0.10573271044694199 0.8797446686929518 0.0065677228577464275 0.22965750870473167 0.36015728838296546 0.7976531874790271 0.9276546026345998 0.11810008339991396 0.10936484107292954 0.9841842590527121 0.43876715904758967 0.7546346018057262 0.8934734536823514 0.9082286505603199]
    [0.09752128863404019 0.5980457089947195 0.6010864175132117 0.35463312271738456 0.20927343398752518 0.07666739799858202 0.13617238634905915 0.006236302011331851 0.5388683958209555 0.27466168920853895 0.08917335664055015 0.29067969439192476 0.7345028580117379 0.976696183341519 0.94730762500884 0.034418807911424376 0.05797649087055223 0.30791540329837364 0.8805812584970134 0.2415329907628161 0.4425660343177006 0.13724701066506473 0.27602361505787065 0.6323694658916461 0.09388810181838281 0.970515590280807 0.6841084450323182 0.04265670708904412 0.37314131297242503 1.0 0.8511206079182153 0.06207276660902428 0.25819456049169587 0.22139013026570564 0.5154719434020713 0.9075524947210375 0.7795069553066101 0.3357603578023446 0.22276347426255338 0.3581019581097503 0.13899978398167112 0.3508286003251109 0.2612756852752439 0.5623731638058905 0.8342649665026944 0.5992241082895025 0.14017457029024083 0.6242916800838909 0.3690540389285475 0.14435733529688421 0.02948218941273395 0.8345067346194406 0.6377639665556388 0.6377354708608441 0.7188427866778264 0.9267716075250912 0.42655693136685857 0.9432974456660749 0.136211890199468 0.7104175892413813]
    [0.7968667427007763 0.6298716567654055 0.7681395330263479 0.3124411943443852 0.3044681687526851 0.161998681457588 0.7552855390385408 0.5685579561994182 0.7346060799937104 0.08353439821256048 0.31273547929775136 0.1209443681043395 0.9747990854193739 0.10127109134522505 0.699039126718348 0.4299227420263103 0.7094104934358977 0.1609061030140978 0.5667743990894404 0.6608036933694197 0.8983419614411109 0.48403444764642367 0.08594386669557541 0.9575903262670091 0.3365727730251552 0.7242834431794912 0.6605473578530114 0.1403512528022477 0.10116156396990095 0.8511206079182153 1.0 0.7154772941435129 0.33524249748564294 0.34686391767757574 0.27587063102062603 0.1464610273495086 0.042110699598691625 0.5296784522856481 0.06404524844177617 0.32246449571773017 0.6032540007179698 0.43013248926751924 0.9788124311755919 0.22846874328090894 0.5713531439120977 0.12442737809829907 0.4257876020718754 0.7620846671014075 0.5910828040536977 0.0005748632359294792 0.8257038187957425 0.013604595326194846 0.7174389609663343 0.48007270001621183 0.4114772015667536 0.7296663272747635 0.3989494920553457 0.15712426487431375 0.5041006203177272 0.1914148018329892]
    [0.21864066232950552 0.7393127537650936 0.17294824037973833 0.2421417602594853 0.36949962232114975 0.7454904337227937 0.2989904589845265 0.5201838927441194 0.9845082050093849 0.958828101845244 0.1164656826694287 0.1416396576120178 0.539419970764817 0.9520502003314304 0.8810630449709682 0.9968293721287814 0.24527651977189102 0.11393896001245063 0.0958464468745398 0.6873849701740274 0.7873025112008177 0.875429825600617 0.35319892965620336 0.945291357674274 0.93041710058221 0.1099784637935245 0.5778930039555974 0.763898581938097 0.3200604412265948 0.06207276660902428 0.7154772941435129 1.0 0.974015900863897 0.17068517035383357 0.2968778262744347 0.502740585147513 0.17170687568034326 0.35583784689558484 0.5676504087676709 0.6175678052819598 0.6339760758752764 0.7812831451955493 0.5261878087833894 0.21664568507849102 0.852600884558943 0.08385414038173555 0.2731800677633237 0.37624806548527634 0.5698571077780938 0.29541538441152193 0.9816748806095176 0.7653018264086995 0.5556108910839104 0.2905782346853757 0.8342752256568562 0.11844232471116656 0.04330730470693467 0.24906378123788797 0.5766563931403764 0.5479300041918062]
    [0.02711632841043654 0.17965550409971687 0.07605063682198954 0.8273928533231492 0.13977831762701243 0.8052515008443469 0.20866774681104594 0.6369170967306986 0.8799334191622421 0.4619716497241957 0.7936414188283214 0.5274564806567845 0.9589862556513563 0.5328285381738698 0.8810835100112584 0.4530489674515723 0.12633480163588318 0.6784067196370448 0.4366360002413967 0.8123649045363971 0.31846560838446847 0.6029880656468747 0.5315958438432681 0.9894856981537287 0.08591121925245648 0.18588956298419812 0.13404817016952897 0.8682507703019865 0.26190465139053176 0.25819456049169587 0.33524249748564294 0.974015900863897 1.0 0.046780793413480404 0.9774576662071885 0.09561805123884126 0.06439666250072595 0.5082503161908855 0.5505452174633522 0.9988971020068452 0.7244179611823983 0.07592700873457847 0.3487217161352544 0.5391453406260955 0.16331546325729385 0.06603380436629902 0.7259171682229686 0.6700266815768204 0.03507382538141579 0.6850422109329349 0.5892332868455755 0.7536159466432963 0.45949512944537085 0.17217165435355064 0.23090896145933193 0.9822016024430826 0.20885431049518854 0.9887878798891243 0.6991865238385813 0.32632272674191287]
    [0.708170710462203 0.31036940935319357 0.5346626160248196 0.2783147225182774 0.8836381618353863 0.41400318944624925 0.11934666877810018 0.2910184983972677 0.5782295156462347 0.42697801273258884 0.22168734727849326 0.36087176926331166 0.6200652847077668 0.26240038886159567 0.11343509758336445 0.6823644418774093 0.7376403164994498 0.4812277449027673 0.3344995340403 0.6834209807702806 0.9089487602871622 0.8193484775011957 0.9396425137052421 0.9877039417199287 0.4898604477372981 0.10924454856589771 0.4714352307089945 0.19139339841675507 0.7006384241021072 0.22139013026570564 0.34686391767757574 0.17068517035383357 0.046780793413480404 1.0 0.7308777244089797 0.8455963566854787 0.7005851889871484 0.07146808091517165 0.44609492477877455 0.6888625764570195 0.5838478210161624 0.9509438826200117 0.12864820070345517 0.7349088983303272 0.5720365103519057 0.4861097286319036 0.4036823545600773 0.8758553507385314 0.6298596214398445 0.6280516158962371 0.6297828458176895 0.07357806782407661 0.9833678117024223 0.49082677756932824 0.6259200957319503 0.3445876142921316 0.002235563811068486 0.10176412579448313 0.1310689859996791 0.38685673786685815]
